0.000000000000000000e+00 0.000000000000000000e+00 0.000000000000000000e+00 0.000000000000000000e+00 0.000000000000000000e+00 0.000000000000000000e+00 0.000000000000000000e+00 0.000000000000000000e+00 0.000000000000000000e+00 0.000000000000000000e+00 0.000000000000000000e+00 0.000000000000000000e+00 0.000000000000000000e+00 0.000000000000000000e+00 0.000000000000000000e+00 0.000000000000000000e+00 0.000000000000000000e+00 0.000000000000000000e+00 0.000000000000000000e+00 0.000000000000000000e+00
9.152573117997036434e+00 2.849036556540319864e+01 2.117127910815613134e+01 3.517066302688626855e+00 2.826331340636288658e+01 4.851962762854687128e+01 3.333105703588307378e+00 3.073160099605446405e+01 2.786613348389753941e+00 1.471186794827529631e+01 1.895703639689400077e+01 3.796645267129778745e+01 2.874090569768873671e+00 2.940404388774327060e+01 2.298294324396660038e+00 7.204249189200124803e+00 5.001457798056928539e+01 2.421761500378641685e+00 1.508270394343650267e+01 7.677655246964020463e+00
1.509077582525327799e+01 4.712896499136928874e+00 4.261778461469980073e+01 3.013078005204449994e+01 2.016349923767344166e+01 3.318565060281751045e+01 2.714607470865502492e+01 4.586635908122040206e+01 3.101409379768305996e+01 4.802204712565627176e+01 4.915404939522216665e+01 3.964803316117843224e+01 4.714919451203005707e+01 3.836915232259307373e+01 4.478268770840070090e+01 1.791346133284994835e+01 5.673093551883563457e-01 3.460769955806799913e+01 1.063292546882253120e+01 1.764823113397597965e+01
1.081225984416615837e+01 1.361677556655074461e+01 4.269112192170922526e+01 2.963485185997671678e+01 1.645715032445827219e+01 6.657714388507549153e+00 4.022601743721113365e+01 2.922650144284942897e+01 2.915954053578180449e+01 1.950342878754585740e+01 1.575347897335725733e+01 -6.049988866691200506e-01 1.301514004457908058e+01 1.102778699264124107e+01 4.092123231709944520e+01 4.166581284780092709e+00 8.237927170656902831e+00 4.093011422334188687e+00 2.300202312140507388e+01 1.778037547885945813e+01
1.228537551875249356e+01 2.111919649760623230e+01 4.870627710221175022e+01 3.824025404166020881e+00 4.074937753758796788e+01 4.763761733773365137e+01 4.332367275084796177e+01 3.770943141246006292e+01 6.781163120419323675e+00 7.020029539201805058e+00 3.580967757595051637e+01 2.399929803558390162e+01 3.070460697048137888e+01 3.562268835166342029e+01 4.275394207796075818e+01 2.054050460541422041e+01 3.218478701032213252e+01 4.608300083742241071e+01 1.488280766855760717e+01 3.454885404178971697e+01
3.811132068641575188e+01 4.257181396903425252e+01 2.397014812366165515e+01 2.355235476627010271e+00 3.569511254933150468e+01 2.212148981382572899e+01 6.227503755976357525e+00 5.577940320903073790e+00 3.652741522488298642e+01 2.446270472728373235e+01 1.213021718875412702e+01 4.819874108710493488e+01 5.086886077179120491e+01 2.386388044610388093e+01 2.718966958650955590e+01 7.499038764731075446e+00 3.778355033872419710e+01 3.856674135525000935e+01 4.052163439043964388e+01 4.154917389438178787e+01
3.171892226070167808e+01 3.106324965917614023e+01 5.677009654946183481e-01 2.560732618073142675e+01 1.763464210301943424e+01 4.589245887084727826e+01 3.773449604361818643e+01 2.440450060517227371e+01 4.697353088062995141e+01 3.762093892834914044e+01 1.738415493698219905e+01 1.417336877659612959e+01 2.181910438315522427e+01 1.813627880882506460e+01 4.692651676209997191e+01 4.564485863439494295e+01 4.176956830745572447e+00 2.935659034796106681e+01 3.360684094486749274e+01 2.129043221389533258e+01
1.029153183785509640e+01 1.002649701085971046e+01 2.766574650090177911e+01 1.089900283672445269e+01 2.964313900887567499e+01 1.206008945323289794e+01 1.938589560767279707e+01 2.938210043859494291e+01 2.938504093760453273e+01 4.529439307416689786e+01 1.722398370734719908e+00 1.116082885650240719e+01 4.163099114711741322e+01 2.715588625046722981e+01 1.965954906696377957e+00 1.528876020268752711e+01 6.258301251477511151e+00 2.850120347468185855e+01 3.501525077054898105e+01 3.391590021821532464e+00
3.084963699759912714e+01 1.512229008846016676e+01 1.245038685968231995e+01 2.134751311281066677e+01 1.733603637324927949e+00 1.497744036380310462e+01 3.568936057771557557e+01 1.932738820920184608e+01 4.257681171974140000e+01 2.490098500992998254e+01 2.902591718904443141e+01 3.010868444032308133e+01 1.633718857993300588e+01 1.860298113303675649e+01 8.393474462601069774e+00 3.109048383229489687e+01 2.326342634937040188e+00 3.611126127137102682e+00 2.276302357605339566e+01 1.711003893221019112e+01
4.720036487859164254e+01 2.758982455197166317e+01 3.044182434137150040e+01 3.160920223139556029e+01 1.117103901236875174e+01 3.178214617742980508e+01 3.916040864831571877e+00 3.062995306418905983e+01 3.631202660206970023e+01 2.074664350365584653e+01 3.831190329144373408e+01 1.699027748876855171e+01 9.464565769223586500e+00 1.259588896560931026e+01 1.855427421710112057e+01 2.573438554613299090e+01 3.919131394264700585e+00 1.749921618886250485e+01 4.569582880121684099e+01 1.066654689710708404e+01
