0.000000000000000000e+00 0.000000000000000000e+00 0.000000000000000000e+00 0.000000000000000000e+00 0.000000000000000000e+00 0.000000000000000000e+00 0.000000000000000000e+00 0.000000000000000000e+00 0.000000000000000000e+00 0.000000000000000000e+00 0.000000000000000000e+00 0.000000000000000000e+00 0.000000000000000000e+00 0.000000000000000000e+00 0.000000000000000000e+00 0.000000000000000000e+00 0.000000000000000000e+00 0.000000000000000000e+00 0.000000000000000000e+00 0.000000000000000000e+00
9.329255143442340525e+00 2.969567117007445489e+01 2.251431134664060352e+01 3.545991614728445818e+00 2.939459001851482967e+01 5.053273145250911824e+01 3.723900418733803175e+00 3.187856465386537508e+01 2.889075336081006640e+00 1.523886711308044717e+01 1.979575627116964398e+01 3.950649586250293055e+01 2.730159115491488375e+00 3.102645809581219893e+01 2.232544752062706195e+00 7.807617903867846820e+00 5.201815611172879272e+01 2.359940480900672544e+00 1.572606656069477715e+01 8.259337962626629448e+00
1.525851420125501612e+01 4.523898479177092646e+00 4.439123529978086680e+01 3.167280702422450034e+01 2.088264394634098764e+01 3.530301714044967554e+01 2.847682570251499001e+01 4.745788290606969895e+01 3.224872784002063497e+01 5.064932634901870756e+01 5.127438678153644247e+01 4.129924714046870093e+01 4.957436097015406773e+01 3.999861146562485459e+01 4.668059032487613536e+01 1.862276952356144122e+01 8.305257496665008343e-01 3.600699685946932505e+01 1.169505236938245574e+01 1.795726817374103845e+01
1.187706184356725458e+01 1.434052829545275110e+01 4.444205212763240809e+01 3.098534969465410072e+01 1.769670917105949215e+01 6.458405544320214631e+00 4.216623956620041724e+01 3.083464909486393069e+01 3.064335603934519625e+01 2.050267672267726482e+01 1.636194946215070090e+01 -6.184420606893812344e-01 1.321113829743692669e+01 1.180977579215963758e+01 4.266860458141776036e+01 4.269785257998981898e+00 8.617486273734648705e+00 3.513752008891493528e+00 2.440202409247501691e+01 1.849908590166731059e+01
1.286022623296976519e+01 2.221597767795314482e+01 5.106783457201156295e+01 3.820483919179368915e+00 4.280371013255295765e+01 4.997398469590790882e+01 4.492878514858445271e+01 3.967752864179516337e+01 7.152526289238578805e+00 7.682527148039351772e+00 3.766679006521595596e+01 2.508677443586953970e+01 3.219449791902295743e+01 3.738472528577499077e+01 4.461659252043000379e+01 2.134910884954287269e+01 3.321112618822434825e+01 4.832186206722222011e+01 1.513488062888099606e+01 3.673326690199242250e+01
3.937982963051187824e+01 4.449351887604792211e+01 2.515014622836831748e+01 2.294226582873272857e+00 3.712836434697097587e+01 2.297889959379383029e+01 6.170408522644729388e+00 5.726792333531374624e+00 3.834552726325960492e+01 2.575836329051004014e+01 1.258217315513007328e+01 5.094842506762080347e+01 5.304695835646003843e+01 2.485942198562866778e+01 2.868205193680260834e+01 7.751206709933417649e+00 3.977087889286659106e+01 4.025922800050758354e+01 4.264409052784684206e+01 4.314894271239877810e+01
3.319502299774573828e+01 3.207020320716091533e+01 1.115703157916541954e+00 2.693687584758679776e+01 1.885955707556971817e+01 4.767163134369271660e+01 3.978681627375670615e+01 2.545221130946690025e+01 4.969675707917638618e+01 3.941131295652170508e+01 1.809587544898621303e+01 1.509226189197642043e+01 2.238633018209711167e+01 1.884386899179575181e+01 4.929352353307274370e+01 4.824431747623518874e+01 4.521283186463188386e+00 3.084174070138451640e+01 3.471700127566884930e+01 2.252011877844882903e+01
1.097230516579952742e+01 1.026141198072451566e+01 2.904751686952048928e+01 1.100661557822602354e+01 3.081545404611732053e+01 1.267581708752571323e+01 2.013016576022825532e+01 3.063696590663017716e+01 3.055614574287220009e+01 4.713889483889160203e+01 2.129054163385251552e+00 1.186339616065698976e+01 4.330769581910617916e+01 2.847371402011456709e+01 1.976632630582196182e+00 1.582929647263980222e+01 6.695253939684971733e+00 2.968618929302998666e+01 3.663649023867953503e+01 3.204840332041232642e+00
3.251427914966526345e+01 1.598029068575626255e+01 1.309553536382868266e+01 2.218435828424750866e+01 2.023124128102133046e+00 1.548448048116662967e+01 3.713020699878926223e+01 2.040886275101203395e+01 4.429921201727454161e+01 2.629287159097464155e+01 3.053880890833968209e+01 3.134066214735593547e+01 1.738853553056857848e+01 1.928887539906501658e+01 8.758386128762476019e+00 3.233153820123344246e+01 2.532526438350500175e+00 3.612898451040533754e+00 2.410738975257380901e+01 1.788567729910760562e+01
4.882407413927688111e+01 2.861686892552526018e+01 3.166448957480646698e+01 3.343399898815077620e+01 1.138278170839258863e+01 3.374005207797225836e+01 4.324054827434879122e+00 3.222629200796092164e+01 3.801587917169761965e+01 2.087129315017081765e+01 4.084760735850991864e+01 1.812978768886992853e+01 9.413810529370545410e+00 1.325451377445666523e+01 1.969249642099757125e+01 2.737202423874529700e+01 4.300508346864384102e+00 1.817550309088199967e+01 4.753731779340741781e+01 1.145729867661677304e+01
