5.434049417909654345e-01 2.783693850937961622e-01 4.245175907491330891e-01 8.447761323199036720e-01 4.718856190972564590e-03 1.215691207831142151e-01 6.707490847267786327e-01 8.258527551050476312e-01 1.367065896849529727e-01 5.750933294272499996e-01 8.913219543122640198e-01 2.092021221171895817e-01 1.853282195500750573e-01 1.083768904642551378e-01 2.196974926249921634e-01 9.786237847073696594e-01 8.116831490893232637e-01 1.719410127325942117e-01 8.162247487258399437e-01 2.740737470416991783e-01
4.317041836631216878e-01 9.400298196223746405e-01 8.176493787767273869e-01 3.361119501208986726e-01 1.754104537423366583e-01 3.728320462899231691e-01 5.688507352573424214e-03 2.524263534448404345e-01 7.956625084732873443e-01 1.525497124633901080e-02 5.988433769284928765e-01 6.038045390428535830e-01 1.051476854120563242e-01 3.819434449431100553e-01 3.647605659256891730e-02 8.904115634420757264e-01 9.809208570123114646e-01 5.994198881803725065e-02 8.905459447285041241e-01 5.769014994000328800e-01
7.424796890979773467e-01 6.301839364753760719e-01 5.818421923987778799e-01 2.043913202692315689e-02 2.100265776728605926e-01 5.446848781786475246e-01 7.691151711056516405e-01 2.506952291383959253e-01 2.858956904068646887e-01 8.523950878413063537e-01 9.750064936065875321e-01 8.848532934911055303e-01 3.595078439369022716e-01 5.988589458757471728e-01 3.547956116572997809e-01 3.401902153706457543e-01 1.780809895058048653e-01 2.376942086240504404e-01 4.486228246077528237e-02 5.054314296357892422e-01
3.762524542973629815e-01 5.928054009758866316e-01 6.299418755874973685e-01 1.426003144462835159e-01 9.338412994664190281e-01 9.463798808091012926e-01 6.022966577308656033e-01 3.877662803266307412e-01 3.631880041093498157e-01 2.043452768686442322e-01 2.767650613963351658e-01 2.465358812035496339e-01 1.736080017402050757e-01 9.666096944873235897e-01 9.570126003527981151e-01 5.979736843289207293e-01 7.313007530599225925e-01 3.403852228374361077e-01 9.205560337723861508e-02 4.634980189371477044e-01
5.086988932381939499e-01 8.846017300289077401e-02 5.280352233180474197e-01 9.921580365105282517e-01 3.950359317582295970e-01 3.355964417185682835e-01 8.054505373292797366e-01 7.543489945823536047e-01 3.130664415885097140e-01 6.340366829622751110e-01 5.404045753007163944e-01 2.967937508800146951e-01 1.107879011824457471e-01 3.126402978757431006e-01 4.569791300492658248e-01 6.589400702261969389e-01 2.542575178177181039e-01 6.411012587007016705e-01 2.001236072184031656e-01 6.576248055289837247e-01
7.782892154498485260e-01 7.795983986107496433e-01 6.103281532093938200e-01 3.090003485244021686e-01 6.977349075129559708e-01 8.596182957290651183e-01 6.253237577568075967e-01 9.824078296095496432e-01 9.765001270158553126e-01 1.666941311988581198e-01 2.317813647840361035e-02 1.607445485070816416e-01 9.234968252590873838e-01 9.535498498795339506e-01 2.109784187184463589e-01 3.605252508146081780e-01 5.493752616276721401e-01 2.718308491769720892e-01 4.606016210748501427e-01 6.961615648233853149e-01
5.003558966748650194e-01 7.160709905643360962e-01 5.259559362297789864e-01 1.399023119043829588e-03 3.947002866898354778e-01 4.921669699011499421e-01 4.028803313791421425e-01 3.542983001063205739e-01 5.006143194429532040e-01 4.451766288311382880e-01 9.043278819643585376e-02 2.735629200274406481e-01 9.434770977427269223e-01 2.654464133394196512e-02 3.999868964065078636e-02 2.831403597198195454e-01 5.823441702167688749e-01 9.908928029248270652e-01 9.926422374029680862e-01 9.931173724810448133e-01
1.100483309665629683e-01 6.644814459639400983e-01 5.239868344883128470e-01 1.731499098087310173e-01 9.429602449150257248e-01 2.418600859762523037e-01 9.989322688432119568e-01 5.826938151498987084e-01 1.832790006305757835e-01 3.868454219177902553e-01 1.896735289121496137e-01 4.107706730253100069e-01 5.946800689017054387e-01 7.165860931283398738e-01 4.868914823691234961e-01 3.095898177667045781e-01 5.774413728278473545e-01 4.417078195687429432e-01 3.596781026005362314e-01 3.213319320088136033e-01
2.082072401960226582e-01 4.512586240618343680e-01 4.918429102640539119e-01 8.990763147937111954e-01 7.293604610294411872e-01 7.700897729196954922e-01 3.754392475619882097e-01 3.437395352353843636e-01 6.550352059993224119e-01 7.110379932104975431e-01 1.135375752186762455e-01 1.330286893735750375e-01 4.560390576061239543e-01 1.597362301585101285e-01 9.616419037746457565e-01 8.376157448618097856e-01 5.201606870379232861e-01 2.182722577281543952e-01 1.349187225323987827e-01 9.790703454838688424e-01
7.070434956891431533e-01 8.599755569456630777e-01 3.871726278286390377e-01 2.508340198317248193e-01 2.994380189447022333e-01 8.568955284050157051e-01 4.729839905682210466e-01 6.632770470161282184e-01 8.057286074367852047e-01 2.529805046497241028e-01 7.957343897032487234e-02 7.327606050157151607e-01 9.613974775036054909e-01 9.538047341676627600e-01 4.904990518838996394e-01 6.321920644327551075e-01 7.329950198379923121e-01 9.024095032479662049e-01 1.622469187482000752e-01 4.058813223675612480e-01
4.170907355836608321e-01 6.955910282920738652e-01 4.248472379248315889e-01 8.581142260514297293e-01 8.469324796094189756e-01 7.019911390868882606e-02 3.017524134841484962e-01 9.796236810301701681e-01 3.562699655303480650e-02 4.923926469985820953e-01 9.523768530135463539e-01 8.105737585294711112e-01 2.943304412963712036e-01 5.962335185183411657e-01 4.311778522997299357e-01 5.923975029889863020e-01 8.937521047202060531e-01 5.540211897717062239e-01 4.928665073452738188e-01 3.192704571895012000e-01
2.633657830507240005e-01 5.422806135357958190e-01 8.226452393202399183e-02 6.356367098253985493e-01 7.964052251862078213e-01 9.547475054308088849e-01 6.846242716927128935e-01 4.882931668050992657e-01 4.854143101843673147e-01 9.666929205829677407e-01 2.113478874971216337e-01 4.116481381778329673e-01 9.896655767792833513e-01 2.841185671325174855e-02 7.013265140935160957e-01 2.517156388481189833e-02 3.208817260865362009e-01 7.352706186557411705e-02 6.088456434663547245e-02 1.114063167040532099e-01
1.692689081454309408e-01 6.276862795010540452e-01 4.383930946398433282e-01 8.309037646039747482e-01 2.397921895644722357e-01 1.900527079197370517e-01 7.118996585829157064e-01 8.582949253267775358e-01 5.590558855960194862e-01 7.044204082888571028e-01 6.051120355181790478e-01 5.592172832680400996e-01 8.603941909075867311e-01 9.197553591500697845e-01 8.496073257589813466e-01 2.544665354944545266e-01 8.775555422867709066e-01 4.351301900922257548e-01 7.294943439645079630e-01 4.126407675387943064e-01
1.908360458112224878e-01 7.060195199561621893e-01 2.406328209298529419e-01 8.513244268329953623e-01 8.241022892585867510e-01 5.252117866139704994e-01 3.863407943061684113e-01 5.908807907349247213e-01 1.375236149078257197e-01 8.082704078916083112e-01 9.658258152444849642e-01 7.797958042329348194e-01 2.393350820958197733e-01 8.672604131084306056e-01 8.081150128937003574e-01 6.368112422046845467e-02 2.312283040488030128e-01 5.896854487035267933e-01 1.374869479777741654e-01 6.784407043714858476e-01
9.921906895152471373e-01 2.857519848155717357e-01 7.609127595588500714e-01 4.652716766613862465e-02 3.325359065222066590e-01 9.445527910270573591e-01 6.365170412547785928e-01 6.018486061318925051e-01 9.281846814636464105e-01 1.816794107966134275e-01 1.782318402652105505e-02 1.900721761341724880e-01 5.218717978245897005e-01 4.958219859036704369e-01 8.004912055691525419e-01 8.594363114449110608e-01 2.129560322403449835e-01 4.372688414476636476e-01 4.216175090625895461e-01 5.471737708194179817e-02
9.933693670982957080e-03 7.897656793360066096e-01 2.753132187948983400e-01 7.177400045433364184e-01 4.213559217565557846e-01 1.433358721689995674e-01 1.925216802519793546e-01 3.138152333176352782e-01 8.051701673672971848e-01 1.262583035747999460e-02 4.910597269755589966e-02 5.660003849850935298e-01 6.868106961543960498e-01 7.268109050517067571e-01 4.796937613016769575e-01 3.676567217785284836e-01 8.399700992017513634e-01 4.541635524510053701e-01 3.213658387821987095e-01 9.271986717104152564e-02
6.043793213558557031e-02 9.095116720087481621e-02 6.827064564283070736e-01 6.807357672306376672e-01 2.431741658874253531e-01 6.404614421560298476e-01 6.913918311155142771e-02 8.729199617462651828e-01 1.096069498325127345e-01 1.690557651194345423e-01 4.673779914453475293e-01 7.759492194033725809e-01 8.544445157050565287e-01 2.103864447671587312e-01 7.664186926890304008e-02 7.889147971032179907e-01 5.475000011493020846e-01 7.862548628154124586e-01 9.200470428587104177e-01 4.809727659278810741e-01
4.595536700101839900e-01 5.989791554809531515e-01 5.993187807242844611e-01 5.043734512337575415e-01 3.068785297434506454e-01 5.413529803491126113e-01 9.249269434027915793e-01 9.705508020302188177e-01 3.957946098969964410e-01 7.987452725553391142e-01 6.350881477509264794e-01 2.299691652490331029e-01 5.120709286293723128e-02 2.846380617135180202e-02 1.228477519037693977e-01 2.202125178336385991e-01 8.290227537008227898e-01 2.854918277000394466e-01 7.810640826310915052e-01 5.046658125966790864e-01
1.384489237765846870e-01 7.780365523339779488e-01 9.213317935208427123e-01 9.430186320361914065e-01 7.044357972639433418e-01 6.939164454759088052e-01 5.465518133674950318e-01 3.692172297378830681e-01 9.824675747269929760e-01 6.560922542750480257e-02 8.976783107422655617e-01 2.639309890948706716e-01 5.744758420233384566e-01 5.128662680937876583e-01 5.544768080719340020e-01 6.471673318283991394e-01 1.854741590544805030e-01 2.719782043090215318e-01 1.484386577427835308e-01 3.030417059440504435e-02
9.392555841521392779e-01 3.467541301762039341e-01 1.095646043056097696e-01 3.783269956614701002e-01 3.840794590414141618e-01 6.654236879194612708e-01 2.444909293061596767e-01 6.614809737736849771e-01 9.849288379186216247e-02 5.808627476668515310e-01 1.068655046685507148e-01 5.482545074639875171e-01 5.197517077112072670e-01 2.962341178657575957e-01 4.557290509980984616e-01 3.866652012956683926e-02 5.990030248885008790e-01 4.867594752598902730e-04 5.018135936855311341e-01 5.017261216916143463e-01
6.066969591495718905e-02 9.498369391498449055e-01 6.086590451398208312e-01 6.720026837921435625e-01 4.627735236945655917e-01 7.042730952349672835e-01 1.810671411661072261e-01 6.475821773323257036e-01 5.681087348454958441e-01 9.541383145344951577e-01 7.966902388813615898e-01 5.853103927119500671e-01 4.553549670732037757e-01 7.384515305314944822e-01 8.122362779627880780e-01 9.272911735521500720e-01 8.263756067215121126e-01 2.995659766508629307e-02 7.728028218089086909e-01 5.217773936163202508e-01
8.853873322412260105e-01 4.585616670836538677e-01 5.407225761596201608e-01 9.077649982654135696e-01 5.563100402768732522e-01 1.871147222906461849e-01 6.811113675419536717e-01 1.384668541809164211e-02 3.800916578509344612e-01 8.086844901333918312e-01 5.761254124118753150e-01 1.517845045300033613e-01 3.298547603795043415e-01 9.517731461483257549e-01 3.038472299920980113e-02 7.781735271559484524e-01 1.813838598387735868e-01 2.136568684506301441e-01 6.525962229220905186e-01 1.440919460608294234e-01
3.810072706070530835e-01 4.057345325726489094e-01 6.589654345726035922e-01 5.118226737134435878e-01 4.825851038502418922e-01 5.240217982839888711e-01 8.062858732427212738e-01 8.043910806692937676e-01 1.477004361025089363e-01 9.934535770806973698e-01 6.776773575119099391e-02 9.958158069623946895e-01 1.234496926533088512e-01 6.192919793340079249e-02 7.040354417782194174e-01 9.609796529778833474e-01 7.121509479023390154e-01 6.630813223207346896e-01 1.336749622245643199e-01 1.803451692283480901e-01
1.567158689222832857e-01 9.047348127883070301e-02 9.718661482450325906e-01 5.098611302849000992e-01 4.508774763010517939e-01 3.297009784972129154e-01 4.935120420494746307e-01 1.436009850805827215e-01 1.509202908404773114e-01 8.153385794598776437e-01 2.112818837963617025e-01 8.654232235729175660e-02 3.872574175312172295e-01 8.934034140221164266e-01 4.286432979428624890e-01 7.663040121802114912e-01 9.952654020174068750e-01 2.006285089511161690e-02 1.081982286690921224e-01 6.947426714936200121e-01
8.906640504565512817e-01 4.924763237765829027e-01 7.026799039549491699e-02 8.843736434987892192e-02 1.062081585304893716e-01 2.012588782467843451e-01 8.773640053306407394e-01 9.432225022019286031e-01 1.356361379803193712e-01 8.587269726838474559e-01 7.571582824355558294e-01 6.861716144556532226e-01 8.563933901602275300e-01 2.308777529135617179e-01 5.193379792114720672e-01 3.433334451764453732e-01 6.587729293586822577e-01 2.827902538666241528e-01 5.024664337567269490e-01 3.032775195527550594e-01
5.525294234343233191e-01 1.611270970542808545e-01 5.685489646182829704e-01 4.857098681067772983e-01 1.275195435136686761e-01 5.436921692300373810e-01 2.004906087326577824e-01 6.701608599998025717e-01 5.581122170361856316e-01 2.323783174916081995e-01 5.155884856098233993e-01 3.149919734186799047e-01 8.465925489214036759e-01 4.473762802774030600e-01 1.000852243947040199e-01 9.015920853941102875e-01 8.560882485516653206e-01 2.863298739118133041e-01 2.590147704535663564e-01 6.637137355819866524e-02
3.176316716278835273e-01 5.184299524331337228e-02 9.441883178319019354e-01 7.172173020432208723e-01 5.536592001614559777e-01 3.597447698798560412e-01 1.591823010843290698e-01 4.329580411647999671e-01 2.793621769098911800e-01 9.610376321653144593e-01 9.813215580838907659e-02 4.069955524251428480e-01 8.376446001807091868e-03 5.680589295963213159e-01 5.766097683672400942e-01 1.371442613273378131e-01 6.722185660414206065e-01 1.428737274580416106e-01 5.092314972536864381e-01 3.687619525301264467e-01
2.491073893585356025e-01 1.362821220333414463e-01 1.192911321232575927e-01 5.238812645692447756e-02 4.348993146930488773e-01 7.707053805867862817e-01 8.509141823068276933e-01 6.212826674295909291e-01 3.798876883981048280e-01 6.799110364172396004e-01 3.137655042597186084e-01 7.266379829993170336e-01 9.144831910873826297e-01 9.489548073955600405e-02 6.649769518322519168e-01 3.568727940511907670e-01 7.622909202623359137e-01 9.450056911510230639e-01 2.237422028513993411e-01 5.725321925421011926e-02
6.428018502331378503e-01 8.877710855285270153e-02 6.679384149986542507e-01 6.072213851311274446e-01 1.959981977284352972e-02 3.937933443577386061e-01 4.595073026861176135e-01 2.113601156075539667e-02 3.736909013450173678e-01 5.655671369760998379e-01 8.875176981562149514e-03 1.628453463883363650e-01 8.981317369729009403e-01 3.554333185811786588e-01 3.097535151674734033e-01 5.821566782631047987e-01 5.221646219283153645e-01 8.824557693517250945e-01 2.723444648400081824e-01 2.998200567828857022e-01
3.083867067948075080e-01 1.010042717062059614e-01 2.950216985789354540e-01 7.289047920416258375e-01 3.418788927152439650e-01 2.860681555183965941e-01 9.563476061071961576e-01 9.994791511322936861e-01 3.373519213932864025e-01 4.751215567999362843e-01 8.296496599906129088e-01 9.940514628180974199e-02 5.081146416994299919e-01 8.338365663554890839e-01 7.701229934134926625e-01 8.160003497549749296e-01 5.154997641545000509e-02 6.813237878724938135e-01 9.632936328077966737e-01 7.009474565722478845e-01
4.098464718143953744e-01 2.070405888350909107e-01 9.560226669224691776e-01 4.060111771663550417e-01 7.168801309046110015e-01 6.723314084399745205e-01 8.421371025537246480e-01 9.407403922973920363e-01 4.698011067009590924e-01 1.077165238887116683e-01 5.666853987413368321e-01 9.797770299024345375e-01 4.339147015301905164e-01 8.180344364829784665e-01 4.372495967241266657e-01 8.105342992752002651e-01 2.296084658085845165e-01 4.109781451687912757e-01 7.309511398181267605e-01 6.373144062380718955e-01
7.691426808213709387e-01 9.562240422458971878e-01 3.760066618461234134e-01 8.957014217970638015e-01 2.084804956575737611e-01 6.319643998308144273e-02 2.394216729185552062e-01 7.801992488254825275e-01 3.760754415175314724e-01 5.814837295524541982e-01 2.417021356737691917e-01 4.385545867531733810e-01 1.804522731706381666e-01 3.731204678357944449e-01 8.639333907383301980e-01 8.559936753056242020e-01 9.400795495664909796e-01 4.057399896621088908e-01 9.823102135057693030e-01 4.826039437830758061e-01
8.771207824694916555e-01 4.088792202469834214e-01 3.197732262743836484e-01 6.424685981654127964e-01 7.093654458159974752e-01 7.423468167300953935e-01 6.045146271496869561e-01 8.584415473916254813e-01 6.499068382880036632e-01 2.704858891974160073e-01 8.584748656310554615e-01 1.808249680067894882e-01 5.377051151480723989e-01 3.869299175334810492e-01 6.195852092738365346e-01 5.485863059731005409e-01 4.638940120188146388e-01 8.264448382313553942e-01 4.009978274251738695e-01 6.195032797683992509e-01
5.007091183337946116e-01 5.008895041536758352e-01 6.089031038167406207e-01 9.953652409958986258e-01 2.479495192166387696e-01 7.384334058920137833e-01 9.300439181805716382e-01 5.844120756954285234e-01 8.806471520789400653e-01 6.920591198056675886e-01 3.514182794041774693e-01 8.206994508517493347e-01 2.370849611913042887e-01 9.216936684824427184e-01 9.188489045540845224e-01 6.295307118357461595e-01 5.122231170341107198e-01 2.998515212998782431e-01 4.510620990884933734e-01 7.171435833472241672e-01
2.897107697174294838e-01 2.088441547296647771e-01 3.165369187494383452e-01 5.732346168518380747e-01 4.625262273018957426e-01 5.026185641627155531e-01 4.872415437421901974e-01 7.792272696476429950e-01 3.901358903696945379e-01 7.685351778741764672e-01 8.614682627614487220e-01 1.534504417708706381e-01 6.153544991431778577e-01 5.132315524167129217e-01 9.892656389217688861e-01 8.282528798350319299e-02 7.114699262161586768e-01 2.731544170601678534e-01 9.949414263945611792e-01 3.547279139444591278e-01
8.862541413399460666e-02 9.832503769165538143e-01 4.792429818718370038e-01 4.821670204872104959e-01 5.265454160436101594e-01 9.430743268241158495e-01 4.907038517169977077e-01 3.013039616056900627e-02 9.354703428207062910e-01 7.472800008826405715e-01 7.304114921128106452e-01 1.052811544579095315e-01 7.656025630259959414e-01 7.078790446085942989e-01 9.225381437161362941e-01 5.090713624505510682e-01 7.121099683829537064e-01 8.710483215307724958e-01 4.306618149571914689e-01 4.871286911796275376e-01
1.222318001850899449e-01 1.900160836371644901e-01 5.997405304143874627e-01 2.980776286541513276e-01 1.826833677764020392e-01 5.030276903035737490e-01 9.506696371583517324e-01 2.325800919586697990e-01 7.390820442705244853e-01 7.616713142711553086e-01 7.660564796818717381e-01 9.244958016032567283e-01 3.228087260890464272e-01 6.789428837728861410e-01 1.718199895762833052e-01 7.095739437934470706e-01 4.893233847660067859e-01 4.419212692492739958e-01 6.465757977985269189e-01 4.784335817739622243e-01
7.809835653732087879e-01 5.637844595472824016e-01 8.491603722968005252e-01 3.324874926307864742e-01 6.876383457298231860e-01 3.103258576198294483e-01 6.607954615137970888e-01 3.544746777525119574e-01 6.131248614216755488e-02 4.439084851987351588e-01 7.083258497660974706e-01 2.574186578134675107e-01 6.183630278806319103e-01 1.216252785149538607e-01 6.373243081047303971e-01 5.829174691838145961e-02 4.762410122741678187e-02 5.119445592039320037e-01 2.993149908847494434e-01 3.464361353405698285e-01
6.492174346036961863e-01 9.488882701086156501e-01 5.162418791778752292e-01 7.135434407602232465e-01 5.861612487888143708e-01 3.949358381353933467e-01 6.718165252900990536e-01 2.371705762767235548e-01 8.482091462350475064e-01 2.924731670105124026e-01 1.206563260496438250e-01 4.311841945956452760e-01 2.719515607303117921e-01 2.737262760819733076e-01 6.422025693611260744e-01 4.499123284980105497e-01 9.084847728691557434e-01 7.753971680607055772e-01 3.391125199655087297e-01 7.037406503612524400e-01
2.391186214519426256e-01 2.051610757997972545e-01 6.839686008379533000e-01 4.166952889665620496e-01 1.952114474650955556e-01 3.903295752782400818e-01 9.852342315710271858e-02 3.225443798865884615e-01 8.894781356759724478e-01 9.422719149629098512e-01 6.574707574441056579e-01 1.956287488018773058e-01 5.256787607410369212e-01 3.108091040925597959e-01 5.553483943313786142e-01 5.355298073676616477e-01 4.651129288983915089e-01 7.678645943333148871e-01 8.869469716865482356e-01 8.298093684181446772e-01
9.588430789564041934e-01 9.110639960968553996e-01 1.196747838441613032e-01 1.144685949595100061e-01 9.969650063282695651e-01 4.000832595810754899e-02 8.595637445186794512e-01 4.655050337236925628e-01 2.889983273891915116e-01 7.332639578005104575e-01 4.721924496337750465e-01 3.660337820245883611e-01 7.374308587639288870e-02 8.212053023334987545e-01 4.880169147893207438e-01 7.570620648656128937e-01 3.710780726093071413e-01 2.695048247626399274e-01 7.345946354267014478e-01 8.465645262987436803e-01
7.731597126964512290e-01 9.726311997082848215e-02 3.128848054042207005e-01 5.429737124804745463e-02 9.964178644970715926e-01 1.776987343522880014e-01 3.712310048218535607e-01 3.589325920964375749e-01 2.391809418986765579e-01 1.941244463985729585e-01 7.221568697894735767e-01 9.963498623999889059e-01 6.578810615587287192e-01 1.896406681652179627e-01 7.960500133787224986e-01 6.331488340440540874e-01 5.997465943644009201e-02 4.512369641411394516e-01 3.981555798526655865e-01 4.574877112189486006e-01
1.732954085870329619e-01 5.551602246692062259e-01 6.755757028169679934e-01 8.264278406303862123e-01 7.539753464094770541e-01 3.806626488278475051e-02 7.951136519016029913e-01 6.539318070808458616e-01 6.049933023598653703e-01 7.991264884672499846e-04 1.311478146363587172e-02 1.471048493376135857e-01 2.656239186798068364e-01 6.049450827851821089e-02 2.578656308496722893e-01 2.290613330183638441e-01 8.240837710969811658e-01 2.018544865518726583e-01 8.810923256287019889e-01 2.143645056857598208e-01
9.124750057287223104e-02 7.458057935231054980e-01 5.043400350526345832e-01 5.862020432833675576e-01 3.641561131948779506e-01 5.532539595411161137e-01 8.128446991062695526e-01 1.400732574143924714e-01 2.676251021196990321e-01 7.395485502578281745e-01 2.737960781117709796e-01 5.968614644069084596e-01 3.386224680503545637e-01 7.160379461501020781e-02 4.985968756968547355e-01 7.144913096107073924e-01 9.906342627731619110e-01 3.061642141944417306e-01 4.318189936939290652e-01 5.481835598658806319e-01
5.922789121550231517e-01 1.079343822333167502e-01 7.218030237835276752e-01 2.878149338259561318e-01 7.101954909298427987e-01 2.649173399883747448e-01 3.292917772052549319e-01 1.539392831828596542e-01 3.057362775188703363e-01 7.675935684362089617e-01 5.738480440000739424e-01 9.717102350944524236e-01 6.918493680668856838e-01 4.913622579624956632e-01 4.189538130977011887e-01 9.528784220570516439e-01 1.442225217033613616e-01 5.212103058543409162e-01 8.891494541942766006e-01 7.243161529127102316e-01
6.524273028079877745e-01 5.732108771943733583e-01 1.850827566021969739e-01 6.138808688662423796e-01 7.695021292315906702e-02 6.680945170106403763e-01 2.314797647174269279e-01 2.237384718444412890e-01 7.931564343308894482e-02 5.290531406613654397e-01 2.922072249469179761e-01 5.347443302731563763e-01 4.966394675328141828e-01 4.387137468913746563e-01 4.096671417836803553e-01 2.606110148444857888e-01 8.937483777810628638e-02 8.066866320537381396e-01 1.565753157324226708e-01 9.139261452578302247e-01
4.466653699217263407e-01 4.494008609685087308e-01 8.179437299051328658e-02 6.964934161855383943e-01 2.065721537501393756e-01 9.570310018074723590e-02 7.220107222790408397e-01 3.936551862994325246e-01 5.911130758518441386e-01 5.127646181849301321e-01 2.479244084719167684e-02 7.627946139093298994e-01 2.657618060337857413e-01 9.788268401766657689e-01 9.486860068478547570e-01 7.256699734894949128e-01 7.255050205514576023e-01 5.082479081617330419e-02 5.940661143252836673e-01 7.171266563833803565e-01
4.187295085349507229e-02 4.858483334364002149e-01 9.868242589438908086e-01 4.782633490074317262e-02 5.788519741372516458e-01 7.155939791943544126e-02 2.801417442983079598e-01 7.018218260054466251e-01 1.623219395980498581e-01 4.922864872015456639e-01 9.545457112974847780e-01 5.893551623652425464e-01 6.066268202107414353e-01 8.679865440385066133e-01 9.365479368445849273e-01 1.441604599316207436e-01 2.770071902007831266e-01 1.253219372552878408e-01 8.847207881575149813e-01 8.267377704644703895e-01
9.953588810927803676e-01 8.138696157910103590e-01 1.191457005965902427e-01 9.315367835142863706e-01 6.986692731106969312e-03 5.383962494524664466e-01 7.825015421974373941e-01 8.888692517279118688e-01 3.053756275715240331e-01 6.446775039355817638e-01 1.249193466488595083e-01 6.085843003627580128e-01 1.894984394008468742e-01 4.390658193797916109e-01 9.704126030213763299e-01 6.809275523457425372e-02 2.051728622611534991e-01 5.075719409410156535e-01 1.405001176181098765e-01 9.337383557266487610e-01
6.065454317067481282e-01 4.615315291688688593e-01 8.015021709095484503e-01 6.987073120764527578e-01 7.445573429189947801e-01 3.251637785816602344e-01 1.784507871592647676e-01 1.435150262556117440e-02 1.070497272807602318e-01 2.730517009310389209e-01 6.165217754396432603e-01 9.475792237640892068e-01 9.064723688429247028e-01 9.650940282135920256e-01 3.376210736411987545e-01 6.564030876691847594e-01 2.914557809929260168e-01 1.508692235309775365e-01 3.693206346401256557e-02 5.979637425112643845e-01
2.773227752576912231e-02 3.822372641104727631e-01 9.532509120374119682e-01 2.221985272277231527e-01 3.051261201740512741e-01 8.193198019179616098e-01 5.784698159078305313e-01 2.761718450331940300e-02 9.543877717509077208e-01 3.121388246232600361e-01 1.840728786776785197e-01 1.646962666662299402e-02 5.240609701557668032e-01 1.669567665617232022e-01 8.129420468290551316e-01 2.833802567491883195e-03 9.923761951162091144e-02 4.233708029190698108e-01 5.809099357757863125e-03 6.439284323771901075e-01
5.258895714533903254e-01 2.490888842079947985e-01 2.711950546864558831e-01 5.880634002098683588e-02 9.601897819139968426e-01 1.609119347658940491e-01 7.945575900083599041e-01 4.154139696111367464e-01 1.296549158742948959e-01 5.663718070504464297e-02 1.969562183828873492e-01 4.679972200788495851e-02 9.022222082402689969e-01 8.373716439277920642e-01 4.782820685984707776e-01 1.277243589987527850e-01 3.407632394872363024e-01 4.609024744291958520e-01 1.798790620026480269e-01 5.210110938516268053e-01
7.694249110707195305e-01 7.472272782341516928e-01 8.646791692914033156e-01 7.641218393814241949e-01 8.525234424576078052e-01 2.678974353482876936e-01 7.291903264982750876e-01 6.876453619109381687e-01 3.508807629216653678e-01 6.293991605605949724e-01 3.905561828231436383e-01 5.144285940785092714e-01 3.039635356428793678e-01 7.969997605286669451e-01 1.078230751698096013e-01 7.475146814609550106e-01 9.669085740081870828e-01 1.571565074442903276e-01 8.728958517621115965e-01 7.144418335142412868e-01
3.493239230792017924e-01 1.880779700571046931e-01 8.916780035328351062e-01 3.453229790560690127e-01 2.054409125983659434e-01 1.093967377882466563e-01 6.899335017791751179e-01 3.433567998445263836e-02 4.797710800309030743e-01 5.183066749893260328e-01 5.591845358793935405e-01 9.568465700301159726e-01 7.729366727984660068e-01 7.233024985247449301e-01 8.783149241161254395e-01 9.657986414149770660e-01 3.397007022845787150e-01 7.268852163083745488e-01 6.262387503008750578e-01 8.093780377555375161e-01
8.314790236531126588e-01 9.229724002354529055e-01 8.141044732498339265e-01 2.850636851596225485e-01 6.058657432561324052e-01 2.609972347169796647e-01 8.146459943707198281e-01 4.644674438582573339e-01 2.732828358110100941e-01 1.344931329146935584e-01 1.447138451653325886e-01 1.967037557160652428e-01 4.978025146393891820e-01 2.061900674289649515e-01 7.673694729405008408e-01 2.566315513368607748e-01 2.626287020702287034e-01 6.426574367170578839e-01 9.952310242990649591e-01 5.425098909424160842e-01
7.326035042447868184e-01 3.662981200304196161e-01 7.446874484611776257e-02 1.952009388336953810e-01 9.749543589033207169e-01 5.042012781591255211e-01 9.856369123402908272e-01 3.344225816238050042e-01 8.669436290504199949e-01 2.820292016546853686e-01 4.885436412125148120e-01 5.561720792318057827e-01 8.121805813603909519e-01 8.528719503750716857e-01 4.933303107049156200e-01 9.592919689890541113e-01 1.587644682948404773e-01 3.595437830372338883e-02 4.064802430234327746e-01 3.428185202900342343e-01
2.758183089465415794e-01 5.726782675403486733e-01 6.694290959505408978e-01 9.043172319742854848e-01 8.639552899987842371e-01 7.462588351747170279e-01 9.492467284607887246e-01 4.687471789541159950e-01 5.701748164979205669e-01 1.475984095168311194e-01 9.653126310157433831e-02 9.838887736072564616e-01 9.458575454453456155e-01 9.288750130436264074e-01 9.869588615998884373e-01 8.094706569653018491e-01 1.140920029082878040e-01 5.407398333085282616e-01 6.819381025437357691e-01 4.830458673119201185e-01
4.595190708636343047e-03 8.572907370223923351e-01 2.339518066514986172e-01 6.112923842303965571e-01 6.823449232001843612e-01 3.019335919896843912e-01 5.972929760556738854e-01 3.909920066291013852e-01 5.554582470745514922e-01 1.033241162198454965e-01 2.966083969725652469e-02 3.335607994161553513e-01 5.554181190642096810e-01 5.118634831863179135e-01 5.902068697566978939e-01 6.454627113555989615e-01 4.984087925270697106e-01 3.531291426682089396e-01 3.880098002267455826e-01 8.037323056232523744e-01
5.179470332325184501e-01 6.583970857505594410e-01 8.820184374051021070e-02 4.723690419759815073e-01 9.010194296302003192e-01 4.459973271210179169e-01 1.444808559789988456e-01 6.380619591282343794e-02 1.961270886762843668e-01 9.185279393141138060e-01 6.948844464828930478e-01 3.056749698032978912e-02 6.791435244989796338e-02 4.361710471427193703e-01 6.090955817303455033e-01 6.762502717802589824e-01 8.371891425391603248e-01 2.386261824198275816e-01 2.491349654661957347e-01 5.234717532160615416e-02
8.472404043737313817e-01 2.415222455550551928e-01 7.540841951641519270e-02 9.165669493642231158e-01 4.733851293003040750e-01 8.418607219698104327e-02 3.636516664196304260e-01 5.805528232392522803e-01 1.742907147418223390e-01 1.766678483627335261e-01 3.441276917947081460e-01 3.213995357532247743e-01 4.309950595248051020e-01 3.124940335097408095e-01 4.727755088550235074e-01 5.423789698700842710e-01 9.645954235922461484e-01 5.054182909725616346e-01 4.650588023701329732e-02 3.418250617261041624e-01
4.312746127549471620e-02 9.268488873639288972e-01 4.296766587702834927e-01 6.309861183627158976e-01 9.572378155265870436e-02 3.072225557245320537e-01 1.475247629039907471e-01 3.633183183475093836e-01 3.630832195021461706e-01 2.731485646366760278e-01 4.043345183671677168e-01 3.244409746569061337e-01 7.445941350749908372e-01 5.872001214065696306e-01 9.868090759112831956e-01 1.898225634915962079e-01 3.282203113868418232e-01 6.682544685756434122e-01 5.047614280324785874e-01 3.205978240951538050e-01
5.908992500329833808e-01 4.501364355435455433e-02 8.065343708610962503e-01 7.083443690542886584e-01 4.039063849404276318e-01 6.884186271559141757e-01 9.666012794681541065e-01 4.395056002971584608e-01 2.230673588160887455e-01 6.820494371283002399e-01 2.021956600303990159e-01 8.571307103262569838e-01 9.693214000612175862e-01 1.124293981068982262e-01 7.619969237688306585e-02 9.806819764144159013e-02 5.282139430979406747e-01 8.383058806945939967e-01 9.426594823239390353e-01 2.835846809639663846e-03
9.647929364145552134e-01 1.648086672872522973e-01 4.570346902612228979e-01 3.653912104793800575e-01 6.760659094155327953e-01 3.239645232791928953e-01 3.125493404857592195e-01 2.310627039058840149e-01 3.112791778645176421e-01 1.627947585067199832e-01 1.279177683626719908e-01 1.568952982873670354e-01 2.735830882278493803e-01 8.957214235390745793e-01 8.042689939010505551e-02 9.740086085498836921e-01 8.010806667307246443e-01 5.806227397691704484e-01 9.856550206847209950e-01 2.988263804981849958e-01
7.864113718393063168e-01 8.967627176875540007e-01 4.955134635203137794e-01 8.660219501541154274e-01 3.408456398893981998e-01 6.806954984815332121e-01 2.365225773927803754e-01 6.819635898833646959e-01 7.729989406788915218e-01 4.448573606706873740e-01 1.183455855383425126e-01 7.073650135967524122e-02 7.004533027154985492e-01 5.153906181477726500e-01 1.148758662733627700e-01 2.419899032054272370e-01 4.661502110623361173e-01 4.061799034705766420e-01 2.121960363001469396e-01 3.781877538781064363e-01
6.666985316556433006e-01 1.832376772867413406e-01 5.246458717058053445e-01 7.361756641436525417e-01 7.691806543037815747e-01 1.243006505975666753e-01 5.003444557329528308e-02 8.882765396191937279e-01 2.147040239772652903e-01 7.636379599454242717e-01 6.488401379005407366e-01 7.129585744044428797e-01 8.140129380314726770e-01 5.503742045883477374e-01 7.900096567370695766e-02 3.688536512773167297e-01 6.569738215567488826e-02 2.235977459381055521e-01 2.510128913790575789e-01 9.417483681506287896e-01
1.182047718557995841e-01 8.140722634423122051e-01 3.405579581286742874e-01 7.993524219638824535e-01 9.487278229798501439e-01 8.943866639567004118e-01 3.011660210972335605e-01 7.609560951132712248e-01 5.878348029656311757e-01 5.804217117136151183e-01 5.710912609433715925e-02 5.170513513178424114e-01 2.128185737872720917e-01 9.630421660494674629e-01 4.317232317800033803e-01 6.105133245670897324e-01 5.671314726036369436e-01 4.699418199152441966e-01 6.380480697678183599e-01 9.299600469894664379e-02
1.456658259076852868e-01 2.269045532766680306e-01 8.429111728710181328e-02 8.358357265563577387e-01 8.448248361522572303e-01 9.862113096080316055e-01 5.467829644965239710e-01 9.392472675098845203e-01 7.931879423077192737e-02 4.523515640302938623e-01 4.421557442097008295e-01 6.463431777897269415e-01 5.320953414506272017e-01 8.308280039269476669e-01 9.978922277938284680e-02 9.231727725165173037e-02 1.943814467802829071e-02 7.944725754181657384e-01 1.511400511868573604e-01 8.056769323883383738e-02
6.993870140415632264e-01 4.486947834046273176e-02 2.653509023094693386e-01 5.041891650733383301e-01 3.725369760647267992e-02 5.815092829577228617e-01 5.176607214517688904e-01 4.267007813293004492e-01 9.152659821281460273e-01 4.257897332740153695e-01 8.091907448684172444e-01 5.986801407147201992e-02 8.836754606338981244e-02 3.552845719081404452e-01 1.476879873765467588e-01 6.922308925419512482e-01 7.852921531926840837e-01 4.171379848071161689e-01 3.233477797682220434e-01 9.161070471289745054e-01
8.374127257063032070e-01 5.969601778190344321e-01 7.463076974487743431e-01 6.305271386408651813e-01 1.456464868367457477e-02 1.629589769125829868e-01 5.898012570649304731e-01 1.206809059924485172e-02 7.149064512408311867e-01 3.695945326408137666e-01 1.265056508749279329e-01 4.204227683606296395e-01 7.588124637085340574e-01 3.469572220414767205e-01 3.715162245427205967e-02 2.405507863169782379e-01 3.433113487499745986e-01 2.066532240089952177e-01 1.349743517617153499e-01 5.947527303974159407e-01
1.210858629926827579e-01 8.388159091661036015e-01 5.126124257747235458e-01 7.586251370594908616e-01 3.844717876449722516e-01 5.627140749496040151e-02 9.751049803863010013e-02 4.317877076626605026e-01 7.938852627781125548e-01 9.413405762539106547e-02 1.609300816088191644e-01 9.571977325908012091e-01 8.388889849042082680e-01 8.398109505704496325e-01 1.029587602722795703e-01 6.856409658986224454e-01 9.785302580422561292e-02 4.443213442263186375e-01 9.640918840154705238e-01 5.756136860367139230e-01
4.558483749496111681e-01 4.302903041270809137e-01 4.056681154582828519e-01 9.463604828314498008e-01 1.724222943606570357e-01 2.977128907025242688e-01 7.667765781353608201e-02 6.363713001376591905e-01 2.353636192003426553e-01 6.909316621432756156e-01 7.015335978710712794e-01 4.754020296035159632e-01 6.893410684832621538e-01 8.475154030616893763e-02 1.324622216120034945e-01 7.182242396503291104e-02 8.956030168442796757e-01 7.568922196607772435e-01 4.900850406845839169e-01 2.373052762665397442e-01
2.145297621306408997e-01 6.250730932954606800e-02 5.927779539873572201e-01 6.964838004500750746e-02 9.223842180163472904e-01 2.375314074016681154e-01 4.047955644253674601e-01 1.286421748602197823e-01 5.837530683447337276e-01 7.602826619787227402e-01 8.697862544625122316e-01 4.348144317626571054e-01 7.382595195834780188e-01 3.580442486788052436e-01 2.892032106712854045e-01 4.803264586875770625e-01 4.916495915705193509e-01 6.163112225500966268e-02 1.983177246426963691e-01 6.633388980909064037e-01
6.297530059271857494e-01 9.147730689048182429e-01 5.927506222890787102e-01 1.082667639022739658e-01 4.301458457573194005e-01 4.559617884843352176e-01 5.844589087736211663e-01 7.048521790960610156e-01 4.192877288709209171e-01 7.652662905437458418e-01 8.536042136520050061e-02 4.153951790928478438e-02 7.174223113138414876e-01 7.488860054923754950e-01 1.996355541817631529e-01 7.757719875901960549e-01 8.771443368466891322e-02 9.344260936903641124e-01 1.885454361644200993e-01 2.054217747127593530e-01
4.905925366742135418e-01 2.131561037619665866e-01 7.791089303303229130e-01 6.176318905070120602e-01 8.323605229667263572e-01 7.057282253394926430e-01 7.709237432042608251e-01 5.096475656235995855e-01 1.977546499730210572e-01 9.822717983762823124e-01 2.043010970422382000e-01 2.322868658847226930e-01 6.184525100750756232e-01 4.395175508792292796e-01 1.275872296534620309e-01 1.258431359029499319e-01 2.602057588729648208e-01 9.101874398628068130e-01 8.957269920353753134e-01 8.126174949915472290e-01
6.317560011519651741e-01 5.989363310078548164e-01 5.992868745046223689e-01 4.828543391580220057e-01 8.726980720125276925e-02 8.661832493943903977e-01 6.766178256179671280e-01 5.564320324447112887e-01 1.754427203328592366e-01 1.614322376970257489e-01 2.790616736185412838e-01 6.528830327546720769e-01 3.829984087443473184e-01 4.599172421974365710e-01 1.170763633342719601e-01 8.204981873469402442e-01 2.655423484553987024e-02 7.377063639967417208e-01 8.583150773034637915e-01 7.444563667325070355e-01
1.065101157066922211e-01 4.108996551404121567e-01 3.370358882273331025e-01 9.983706037309492132e-02 9.230915772665108099e-01 8.301819457345009923e-01 5.537843326640277120e-01 9.794814548692317713e-01 8.232151473431631450e-01 4.778798025702956087e-01 1.159566503876731103e-01 4.178776398352642696e-01 3.519281282911385089e-01 1.282825772666752462e-01 7.866713711469354164e-01 7.784570087820499307e-01 1.963436338842716733e-01 1.481664857329479945e-01 2.432931152385311435e-01 1.890775761914653685e-02
7.887235696986324429e-01 5.919007353819586426e-01 7.719944216859853103e-01 9.646404569367383885e-02 2.323803680444902486e-01 6.090650631020644301e-01 8.731671291223511711e-01 2.271642052346679597e-01 2.858733062756498855e-01 9.639433157822407949e-02 2.154327264775280915e-01 3.377933992231629823e-01 1.750557953138054401e-03 3.035428351280642367e-01 5.510943572651079148e-01 1.494500079351201993e-01 8.674339300951330323e-01 4.801642257995826224e-01 2.339178355109352569e-01 1.983731229124519047e-02
2.933212131132145739e-01 1.184178724184224984e-01 9.028970120432158186e-01 2.069976728617000106e-01 5.753065428327401865e-01 6.862042632714384638e-01 7.426784306013686221e-01 4.633352490913430488e-01 7.434495633630782141e-01 3.258548615217443656e-01 1.824549338658304487e-01 5.052287489939211174e-02 2.525652414968621029e-01 9.290751334299892639e-01 6.898483676844400225e-01 3.190887360581468046e-01 4.917386843669625529e-01 3.523882165657371557e-01 8.539662477370906224e-01 2.532836429166669401e-01
2.837559009913680486e-01 1.907728020830800064e-01 5.499010945896263269e-01 5.219624084603138314e-01 1.489389365975453128e-01 6.885045051822761275e-01 9.104803241382843915e-01 4.813584452023836890e-01 5.752424321945139862e-01 5.589103673672454198e-01 8.725507559729314133e-01 1.371471790141975955e-02 1.663933009598739243e-02 8.681934138221536479e-01 5.922900165882659662e-01 5.770605834985534921e-01 2.868420667074167429e-02 9.443838416688594695e-01 5.681345511188452546e-01 8.865756095454736530e-01
7.537010224353393184e-01 6.379974546955551329e-01 9.853559842180729111e-01 1.909327804933582673e-01 1.273990234827762080e-01 6.784859799187648033e-01 6.304470241964537092e-01 5.595490832773790668e-01 7.342130236741295501e-01 5.872283593772152921e-01 3.550932770195837085e-01 9.777671904334239716e-01 3.657572312782163548e-01 9.181994079313376966e-01 5.454225873294845650e-01 3.516849520431551968e-01 8.707298186852601152e-01 1.298304644260122043e-01 4.785373583635317285e-01 3.803312739981460355e-01
8.869058758476130455e-01 6.133148282290401543e-02 3.672211295339659065e-01 8.471495050543998984e-01 4.960939674558971779e-01 6.355241209802098279e-02 9.287280289558064172e-02 6.923425209160122273e-01 5.440423565249031812e-01 5.871008819284410096e-01 4.450912520160011931e-01 8.195527949923502309e-01 3.237180768384460006e-01 5.303653881592051977e-01 1.751917847251531768e-01 7.146216983697447622e-01 5.537541800172477435e-01 8.031751020516297856e-02 1.231666888768180312e-01 3.830211092884966417e-01
1.575418033921470728e-01 7.763894969243598787e-01 2.633065453636018738e-02 2.758512154957846185e-01 3.656783587620939802e-01 7.563461624831233632e-01 4.483012134726938047e-01 1.434802461114763616e-01 3.427720666794299431e-01 8.148097681004049520e-01 4.120857288322746781e-01 4.857327107942672750e-01 8.916795272463164945e-01 6.390767106203653070e-01 4.041723013802589470e-02 6.670131109896916266e-01 3.241648919579989130e-01 8.228583369579201001e-02 5.451948508118482639e-01 2.213163098718309296e-01
3.650210268621755239e-01 2.982399205631847128e-01 8.334165657040537578e-01 7.882672853579641981e-02 5.819697937931237464e-01 5.623643228632432267e-01 2.518330934899133400e-01 1.555572051929311472e-01 5.882943049137012714e-01 6.068434720047578557e-01 7.298698061516580848e-01 3.061248038746077205e-01 7.610780026256496189e-01 9.356990552990208654e-01 3.972129154220468417e-01 8.464486627561190746e-01 6.495632235169531699e-01 5.630146389495626069e-01 7.951795515895268007e-01 3.016275952400927496e-01
2.759233219685666150e-01 5.551414148533019288e-01 6.406926298173498679e-02 4.965124974702368466e-01 3.771675678292555345e-01 7.575026311952173241e-01 2.991251528741548649e-01 4.604263263760111080e-02 3.600287574832887749e-01 4.724654910962153842e-01 5.648880519674412959e-01 9.024501263027814302e-01 3.912723545825418370e-01 7.957281280869192841e-01 8.447887208051052532e-01 7.445751977964121249e-01 3.325326896241548313e-01 2.629621406856023080e-01 7.366659404853270754e-01 7.270530032353811345e-01
3.915881311517817043e-01 5.468822042503822534e-01 4.678981209114423390e-01 3.802640912071456603e-01 5.043063534675263915e-01 5.688078551862473242e-01 6.812192775196247441e-01 4.383981314698903731e-01 2.023989021674361677e-01 5.335261751601626523e-01 3.050680863694161804e-01 4.620054706126640598e-01 6.806209437570723830e-01 5.765409822601587075e-01 6.515647753729796321e-01 9.164802415218936682e-01 2.058911227037728553e-01 6.542542313489111416e-01 8.215391368800607497e-01 2.445194114228588234e-02
2.959171895035503930e-01 9.156516399958621877e-01 4.068682905248217629e-01 8.629013880380522750e-01 4.085967954724445406e-02 8.125681618730817846e-02 2.195581444913651259e-01 2.171880863347550594e-01 4.744320385029664466e-01 5.601106470057243270e-01 8.004825615153154938e-02 9.249400372981287921e-01 3.081870074992439923e-01 8.171868370414484550e-01 1.641422271218057061e-01 3.041074497712882296e-01 9.485827262080129829e-01 1.104546977982170386e-01 3.661472491997433965e-01 7.169528834362369762e-01
5.454071658770696107e-01 3.741736580698096226e-03 3.007812028554319728e-01 8.521927897368686278e-02 5.071200245123086425e-03 5.603659557438256389e-02 4.718011627838418764e-01 6.309917870351522406e-01 4.639582710711576130e-01 4.073525194867700927e-01 9.914125203241954676e-01 2.188988440859546136e-01 5.889406379392631008e-01 7.445276206326204571e-01 2.196728312082846246e-01 3.168151295382132249e-01 4.670403994443179663e-01 7.879872977910312715e-01 3.866437933005343330e-01 9.128408919669123156e-01
2.076684096938108404e-02 3.739770514485992736e-01 6.387418609845392226e-01 7.599586089819333479e-01 8.252116968833480559e-01 4.036757201841578713e-02 7.845387866794014675e-01 8.472255816972824594e-01 3.032587492390025341e-01 9.563790410760187877e-01 8.948024729019778967e-01 3.119883759669304091e-01 3.912812249231981676e-01 1.573159638476989697e-01 4.339206195076273920e-01 8.011474111147000032e-01 9.635398275290792958e-01 4.249585202100450987e-01 3.591070992122711303e-01 7.083323374622483293e-01
5.704191782481358164e-01 1.322346156512399507e-01 4.855449158630295026e-01 5.460812646444879181e-02 4.260190125810646711e-01 3.626953553058027691e-01 7.308414264947238337e-02 6.743236624241953914e-01 8.126630696545817933e-01 2.002639387320496178e-01 7.916731196328397058e-02 1.998105896316463292e-01 3.682203291013099733e-01 5.067871001227255423e-01 1.405852478646966164e-01 5.078004607033514972e-02 2.463600809731438801e-01 6.421703743662838804e-01 6.000810064866911597e-01 7.801973338627389287e-01
6.982572339051518195e-01 1.821373382387325712e-02 8.054832798453884779e-01 4.422431290505465240e-01 5.465889550886364745e-01 6.450281001731681396e-01 5.729185409486493574e-01 1.240039896374180994e-01 2.317627973425241406e-01 5.364367693555155414e-01 6.312250548286610918e-01 1.764468562179575262e-01 5.396840983273739623e-01 5.534636640945929109e-01 3.010526276575379301e-01 8.266670591474440943e-01 9.564175589796370947e-01 2.638651341010789242e-01 1.527476843698470921e-01 1.974903748097317502e-01
4.039649351414369427e-01 5.901039895562963933e-01 4.990986327911373088e-01 6.598288007076390516e-01 9.016900344399646494e-01 2.921143529378859016e-01 6.495707520130387103e-01 1.416882430344856836e-02 6.183785684670130012e-01 9.161656659488782717e-01 9.478205005121241866e-01 6.290902738204464661e-01 6.001827342178175373e-01 5.915273271485824713e-01 1.886892787129118565e-01 9.244395293158961247e-01 4.442758239214587013e-01 1.539654024429207846e-01 1.643033774041047224e-02 5.496568918204324250e-01
8.541683278504687005e-01 3.608788193413193790e-01 9.957789289327361182e-01 9.731385901693734297e-02 9.188277651132398249e-01 9.212954833836369817e-01 8.839619897434469742e-01 7.594806851861584107e-01 1.276467196058899134e-01 3.419913478652961691e-01 3.499317509869526166e-01 6.176780783018209764e-01 6.992968158973773551e-01 8.822161987712564546e-01 1.376503009310157122e-01 1.609233708689001840e-01 7.451074956769483393e-01 4.464780541875780218e-01 1.846027115706075916e-01 6.371273885301343975e-01
4.382444494758518383e-01 1.770531164385518164e-01 8.107612017571370622e-01 2.208211108549248403e-01 9.140206379408494231e-01 4.356318947662088936e-01 6.641673205834570659e-01 1.597780337715500876e-01 4.093835349833468973e-01 6.969778864808872099e-01 8.556265376101912512e-02 5.638321959204443123e-01 8.984872701583923593e-01 1.681794537993572813e-01 8.373883332607978680e-01 2.544388380805262528e-01 3.812397568591399111e-01 6.757005301542750031e-01 6.514128895305223432e-01 2.052258348660382925e-01
6.710741679479317323e-01 1.071413679000230434e-01 8.173516102824737173e-01 6.987406783647955866e-01 3.380328800516371190e-01 4.765944291293034984e-01 9.815565592526943606e-01 7.646146467614178821e-02 1.457401805446848497e-01 3.629299944063139050e-01 8.138041560661805063e-01 3.584318965269643886e-01 5.030207005093934036e-02 8.976827736457576590e-01 1.733365760677703094e-01 1.094307144268944487e-01 2.975430616943380846e-01 1.171665828523555941e-01 5.261571725521125842e-01 5.146060868729868121e-01
7.034625740594907528e-01 7.523594326041452840e-01 6.732849839870570507e-01 3.108937011089107916e-01 1.777458833844712816e-01 6.138015426492349214e-01 2.204590221766533631e-01 2.443849259306359878e-01 7.452991092209447777e-01 1.670331938992417609e-01 1.438051645933420275e-01 2.371599786833212820e-01 2.546771514048031815e-01 2.053403066663017640e-03 9.656402405014503643e-01 9.891942799248072404e-01 7.219908214112212841e-01 5.436629825736090105e-01 2.044678336390196582e-01 8.222104730849155718e-01
7.131783359024161939e-01 9.158173007203070926e-01 8.053258746331297679e-01 2.241769131682743721e-01 8.504015006664810139e-01 5.279844469127070727e-01 6.641486674245389299e-02 1.434975098408611816e-01 9.986783860190713291e-01 8.122988225447513866e-01 9.155272109895939980e-02 3.834719563817595711e-01 9.777236387186732935e-01 5.742523431850622417e-01 1.894608584275839780e-01 1.005131789392865738e-02 5.675848387066655398e-01 9.721110397773163880e-01 5.162818245530992334e-01 4.445187880433595362e-01
2.986435063331716044e-01 8.312720974593166279e-01 2.851994647121773863e-01 8.983357143659960187e-01 7.287406574031726203e-01 2.063314515253609205e-01 2.957191125103176832e-01 7.973630112759776400e-01 2.002058845989140856e-01 2.620846097085371973e-02 5.431568905703503258e-01 5.777040204355483599e-01 1.520080652623305717e-01 2.725427750740518906e-01 3.662305194546233711e-02 5.133639369518327999e-02 5.712496865427307835e-02 3.723199631373922402e-01 2.548307573538706183e-01 1.646294038905069534e-01
3.398786119915532256e-01 8.715672455088080417e-01 1.397068785709681960e-01 5.331281286599088842e-01 6.849422929054022058e-01 6.223906840564851217e-01 1.907812105094175426e-02 8.873488186791071985e-01 8.577773915330854093e-01 2.085733361104529227e-01 6.790349192006192025e-01 8.185992366419753141e-01 8.973628498079843085e-01 7.414784633379478684e-01 5.721261518896795240e-01 3.227863407135357354e-01 3.232687649813492659e-02 3.172564743457189085e-01 9.883302752515058520e-01 7.918540226769053003e-01
9.506381009565323392e-02 8.202220024456158276e-01 1.622550002386800028e-01 5.992742458026276697e-01 3.113685497084472953e-01 5.329207660499792887e-01 4.667356508998944387e-01 8.988117636699073376e-01 2.177850216685484064e-01 2.312579708316060412e-01 7.433728980680341936e-01 6.632412071811885079e-01 5.581448239637843978e-01 2.550647545278367234e-01 5.915876411861997752e-02 1.778084086139082309e-01 6.454916272159624269e-01 8.804282741206441720e-01 5.629594701317470751e-01 9.919971311237003597e-01
6.785249854371967482e-01 7.653488403885151392e-01 2.631448297212460874e-01 7.804889882753500707e-01 1.956028887910441494e-01 7.260414147528189144e-01 5.772746745667372004e-01 9.919550821521025963e-01 7.913816050131551316e-01 5.693031343716985493e-01 6.308910140753622997e-01 4.789548404453668473e-01 1.407954883790784040e-01 3.291101703342819151e-01 7.756162615317937492e-01 6.330310027454175703e-01 1.052474723561807046e-01 9.808978183405756557e-01 3.647980916145616703e-01 7.785646967742145819e-01
