0.000000000000000000e+00 0.000000000000000000e+00 0.000000000000000000e+00 0.000000000000000000e+00 0.000000000000000000e+00 0.000000000000000000e+00 0.000000000000000000e+00 0.000000000000000000e+00 0.000000000000000000e+00 0.000000000000000000e+00 0.000000000000000000e+00 0.000000000000000000e+00 0.000000000000000000e+00 0.000000000000000000e+00 0.000000000000000000e+00 0.000000000000000000e+00 0.000000000000000000e+00 0.000000000000000000e+00 0.000000000000000000e+00 0.000000000000000000e+00
4.973386527878086438e-01 9.847353437003640853e-01 8.987109538608182291e-01 3.694321758842351033e-01 2.572414596062701508e-01 4.160681582611685525e-01 7.049703174288411700e-02 2.900307878960736718e-01 9.112319263852100004e-01 2.970522604786645163e-02 6.655620162676380014e-01 6.119861757351853226e-01 6.364123535932121600e-02 3.483380003945957260e-01 3.001849327225541986e-02 9.308025737775135200e-01 9.921340043060880021e-01 8.955913879070273587e-02 9.973432613547554837e-01 5.871681703259269414e-01
7.413132886267506105e-01 6.580509030619690058e-01 6.321647725469401458e-01 1.462351951052119625e-01 2.621485008390186944e-01 6.423576064896618920e-01 8.032668804641016624e-01 1.302073045952095998e-01 3.294846889656743438e-01 8.917995320930405256e-01 1.048258980862183831e+00 1.001881756995837813e+00 4.169176624520783414e-01 7.205544358738332766e-01 3.474567134661128986e-01 4.199789247139075199e-01 1.766943834260473883e-02 2.602837686245565996e-01 -2.375242638168761564e-02 4.844859048032768567e-01
3.593536879231042369e-01 5.879800868827065319e-01 7.108799703236383660e-01 5.840955915234433138e-02 1.044063632569427247e+00 9.805714073346072368e-01 6.695832746432731630e-01 3.876200578338341862e-01 3.277382527682982105e-01 1.834367664889086091e-01 3.341800380663846881e-01 3.480110362601053775e-01 1.108593859336411275e-01 8.918706397381044315e-01 9.365135111747802110e-01 6.509202888590287506e-01 8.348822679134729752e-01 4.223465417752519935e-01 1.340101333628973199e-02 4.898194092260490518e-01
5.862303339764813881e-01 -1.572719242111086935e-02 5.674971773540861131e-01 1.030024684829844217e+00 3.134581176239051303e-01 3.411955363755718174e-01 7.844683723878455028e-01 7.769415540445420154e-01 3.585060917066519859e-01 5.835852007344628500e-01 5.390010943494154549e-01 2.603123325359215645e-01 1.064620011689377116e-01 3.680220498163730425e-01 5.311701022919681492e-01 6.512083054558402972e-01 2.183373732864681838e-01 6.966058019887158004e-01 1.790584865871144848e-01 6.473765542670965045e-01
7.996073474370878342e-01 8.501315469556025572e-01 6.608203521555945370e-01 3.940412150147699077e-01 7.701731132219750142e-01 9.364401146779278706e-01 6.000441722190611449e-01 1.058069439322643079e+00 1.062976860229626341e+00 1.390028943475422052e-01 -2.145886184173293951e-02 2.095276189115225229e-01 1.018825357524407282e+00 9.625938309581993924e-01 2.364879739342040099e-01 3.662051245969851210e-01 5.533812245293542320e-01 2.135501024587701802e-01 4.843256828971240213e-01 7.189556712829863194e-01
5.009131128472272820e-01 7.024447157345361514e-01 4.672050735553653911e-01 3.820788583151862872e-02 3.273418803619368433e-01 5.112834262226756410e-01 4.872054889885470974e-01 4.182592899955278609e-01 5.009777674240605272e-01 3.616053232456897248e-01 9.050231703689048945e-02 2.910236426007900001e-01 1.047707808682977415e+00 1.911718172909054533e-02 3.101472577438816811e-02 3.483933421302962130e-01 6.837027431840194680e-01 1.032293463067984085e+00 1.080774326864024637e+00 1.110733269477140128e+00
1.431580260145663142e-01 6.507269882788804249e-01 5.354173449525300166e-01 9.832162863923353535e-02 9.472668472385251670e-01 2.040304989947922809e-01 1.034084826363734333e+00 6.119117837132019844e-01 2.341287463432038529e-01 3.936326491301121444e-01 2.966801124586845861e-01 4.908187517771148145e-01 5.448410298668455720e-01 7.259975854213046587e-01 5.330674673647750605e-01 3.032444419456665763e-01 6.370870710308484952e-01 6.086812539069890171e-01 4.335301587014181446e-01 2.791200902795100691e-01
2.103341455627624756e-01 5.124627938534004334e-01 5.291196311127013274e-01 9.124771921970296074e-01 8.278598771287208891e-01 7.410244976227732261e-01 3.626587438775439876e-01 2.845037561656648673e-01 7.661453414566171682e-01 7.970439082480351711e-01 9.990768669639385480e-02 8.799563783473536571e-02 4.161025661431105305e-01 -9.163461824866960675e-03 1.006363530331126688e+00 7.800991438200280959e-01 5.701984323470611349e-01 2.995152999771100721e-01 9.579558713404234815e-02 1.025685031143005910e+00
7.151186059688674490e-01 8.125413286704363802e-01 3.510368942997106889e-01 2.109548511095495071e-01 3.143770272275154265e-01 8.536164595453830106e-01 4.998884139859818831e-01 7.228801100457455941e-01 8.476179472127124415e-01 3.132551204955822399e-01 1.035315385108856040e-01 7.758302462547517209e-01 1.079062792915063573e+00 1.037789881927714486e+00 5.414161741158114438e-01 5.707758684588626341e-01 8.418822152389218161e-01 9.942101767025464110e-01 1.717407022592569443e-01 4.273551930022088663e-01
5.075041757842598811e-01 8.193711659083023902e-01 4.032513128914173017e-01 9.402137040812706958e-01 9.828813538993013132e-01 5.250281961641482809e-02 3.361466031875626759e-01 9.487221274427876105e-01 2.223371664428651015e-02 5.471367162493196989e-01 1.102121369158777453e+00 7.097192361882211920e-01 2.200034708075477574e-01 6.221346761291318694e-01 4.260291465987706694e-01 6.069214446163397891e-01 9.644481160715977497e-01 6.363549843216330659e-01 5.581817999522604712e-01 2.741973069663712903e-01
3.970354812265017297e-01 5.345500356203090053e-01 1.214033254126750810e-01 6.070423533229879487e-01 8.348915608152394086e-01 1.051994830645669898e+00 6.345305534248010249e-01 5.200412715541927744e-01 6.359756177157109835e-01 1.006337591421731847e+00 1.201506607643119118e-01 4.736190552745837556e-01 1.007717081529184266e+00 5.068780784424039426e-02 7.926573524166834472e-01 2.207743561252761832e-02 3.453869168385009236e-01 1.050257549547451569e-01 -5.177580840734601064e-02 8.776373277693441666e-02
1.466684916716932130e-01 7.043696926129123792e-01 4.569316038648776335e-01 8.765378923509130615e-01 3.396984768091076967e-01 1.071565906883161501e-01 6.505968628892037087e-01 9.730017060688378461e-01 6.044310321076705739e-01 6.485494555312704135e-01 7.127698477708150904e-01 5.549588774194188501e-01 8.103405838756856383e-01 9.917640995276287841e-01 8.811379359984989890e-01 2.424454649738279066e-01 8.966416811640254281e-01 4.512598054820544102e-01 8.761487498689353171e-01 5.437563168688247517e-01
1.902078337905514227e-01 6.611170297133169838e-01 2.064847313503121451e-01 1.009337982604255224e+00 8.314208267653306894e-01 5.764306978854233376e-01 3.354294342302721610e-01 5.213924427594779365e-01 1.721694333396850407e-01 8.279116071153391765e-01 9.664258647323441531e-01 8.792487667257343764e-01 2.515914216320430108e-01 9.819548750815129123e-01 9.092179870109400319e-01 -2.901435810161189302e-02 2.897861770113205337e-01 5.614448808584190376e-01 1.309677910331044914e-01 6.845231234102991946e-01
1.036922013796203856e+00 3.262503064374986939e-01 9.016836806180551500e-01 -3.171549887905907028e-02 3.722574291516553280e-01 8.997923377101931797e-01 6.586701715210843133e-01 7.598386936240824063e-01 9.786384239032654975e-01 1.805603792199771129e-01 4.313958497830223948e-02 1.851264030831838991e-01 4.606578415475582888e-01 4.260700890076104530e-01 8.250960103453025551e-01 9.472226903701832512e-01 1.594291223206563135e-01 4.224689560852958881e-01 4.554435687415887002e-01 1.128223862156135376e-01
5.561367918338263466e-02 7.840007781832204481e-01 3.133325229733470163e-01 7.280330665371708143e-01 4.263165882541011253e-01 2.259980089874988052e-01 1.721928183453637351e-01 3.834580019196525691e-01 7.903344799186027281e-01 6.062447940339494440e-02 6.250785754986162845e-02 6.424470429365110036e-01 6.807694204809505711e-01 8.214692321086767279e-01 4.737685069401063598e-01 3.739807784382775391e-01 8.906728686563011310e-01 5.472637126824060338e-01 2.961150439475527807e-01 5.551177691811073900e-02
1.878772020041155622e-01 1.203663384448227514e-01 7.570526690384042912e-01 6.603720765890410682e-01 2.519167951116940141e-01 6.360892070541912524e-01 2.294695623154630881e-01 9.920799986571529061e-01 1.028975096581585119e-01 2.061472492062221551e-01 4.890816642306474726e-01 7.754636564194706816e-01 9.686394813098472278e-01 2.828032934464048131e-01 6.079163695445109761e-02 8.614617236353971919e-01 5.386482316035633433e-01 7.841183727192918562e-01 9.645907200994000563e-01 5.754506946795023836e-01
5.087768389179911921e-01 6.068810339432615386e-01 6.240047369902309571e-01 4.633077233735398703e-01 2.204401321296898253e-01 4.375526965493045650e-01 1.018455589531141348e+00 1.038470422505881396e+00 3.116814845155805869e-01 8.568486116303454248e-01 6.707908679816240172e-01 2.420751207620061296e-01 5.556666511407108711e-02 -1.217953702015448468e-02 1.586171886058733160e-01 3.191913729227787155e-01 8.811151871737451513e-01 3.137513857473311352e-01 9.201233187894876098e-01 6.521064588104099613e-01
1.253189605990441824e-01 8.991733586969586911e-01 1.045156516413554781e+00 1.017843009154019374e+00 8.088402183428755610e-01 7.848573504234129805e-01 5.984990306772509649e-01 4.576189109938820776e-01 8.826268474956426857e-01 7.257194564834649336e-03 9.295319798455499161e-01 2.667114792854664573e-01 5.788563542611170343e-01 4.758740025655219807e-01 6.282287598215653412e-01 6.499750643687868257e-01 2.738421861807114888e-01 1.502567577814839517e-01 1.301853924218957792e-01 -6.684611464719895403e-03
9.828231814932392174e-01 4.028861042996571551e-01 1.482612411171840561e-01 4.012250084417995355e-01 5.013027380055135040e-01 7.113616389995679468e-01 2.319894151849193897e-01 6.761837536255367320e-01 1.553850081674526262e-01 6.038678224681283124e-01 1.833037028192687767e-01 4.067535611402793849e-01 4.023354927909141843e-01 2.236504570978791462e-01 3.910918403758701367e-01 1.392370385938119515e-01 5.852294572098327707e-01 5.801804307774899305e-02 4.700969748791836711e-01 5.226261859016264610e-01
4.627023895998595704e-02 1.038836621439067853e+00 6.456905271853727868e-01 6.593493660560442171e-01 5.838929612974057548e-01 7.284708868359641709e-01 9.476980909545783260e-02 6.242327110282087643e-01 5.253332709770789366e-01 1.019588276661394177e+00 8.204574152928746367e-01 5.654864870156512957e-01 4.604383513223578861e-01 8.434298082697183618e-01 7.690993100195215870e-01 9.548767608568410337e-01 8.726062360319563060e-01 -3.827624806314398886e-02 7.789319459622101594e-01 5.740834353823014435e-01
8.974452192018995689e-01 5.222821542256685934e-01 6.370478791018567843e-01 9.450144428076044933e-01 5.989619956159333292e-01 2.596713395751649167e-01 6.620715253210790463e-01 -1.196169028012875578e-02 5.375964166756754814e-01 8.118581035769871779e-01 5.828622124655989944e-01 1.964574257205063401e-01 3.810386477527661908e-01 1.063975142750658742e+00 5.844591311913206744e-02 6.335172646517612804e-01 2.089536923057071227e-01 1.973267397988000271e-01 7.142326090167864239e-01 1.367320374613859857e-01
4.492083773634560351e-01 4.461333448802825008e-01 7.139935902145893021e-01 6.505189691810887576e-01 4.788936908369169632e-01 5.441000705177589936e-01 8.144578450327386587e-01 8.764163769791482039e-01 4.417674882678671727e-02 1.082235551323124767e+00 1.483482716246259103e-01 1.059798065822013857e+00 6.970547672979869602e-02 9.696899573354812729e-02 8.289602747294346763e-01 1.021159357016177438e+00 7.168509029346412653e-01 7.015937311011473110e-01 1.814343186334596292e-01 2.449040664904726106e-01
1.741433947504061608e-01 1.163900071452439178e-01 1.015043934681794324e+00 5.934891669782312862e-01 4.538667005131762910e-01 3.270588186508257555e-01 4.384947593543342403e-01 1.239297390624180678e-01 1.957054684558531821e-01 9.150461484280509872e-01 2.991100431506635848e-01 9.656321617802816892e-02 3.738536658815750369e-01 1.025258315336264214e+00 3.436014123941315002e-01 8.216044070808807831e-01 1.090947720488553152e+00 1.117310867309874722e-01 1.283453207326171464e-01 7.537419703025177720e-01
8.450347641338540328e-01 4.512392501176480941e-01 9.527994609096245016e-02 9.278551163947398872e-02 5.688239243088313163e-02 2.912704294400584315e-01 8.754199939824423016e-01 9.759466053992442713e-01 1.801469424620217030e-01 9.359703801286528568e-01 7.929807275818184786e-01 6.493617567536728030e-01 8.849774296551368158e-01 2.311584565853228024e-01 5.382216457682530431e-01 3.435778450464395672e-01 7.935411615169847277e-01 2.495479353799698596e-01 4.771078221181828116e-01 2.868628054261465055e-01
6.192083495349547384e-01 1.642178216954776615e-01 5.276693541986722247e-01 4.911684013529008519e-01 1.769739449698766176e-01 5.072086498638572749e-01 2.131435516223668392e-01 6.539216739869906370e-01 5.487034602032598851e-01 2.489400517705279703e-01 6.059474647503736433e-01 3.172555831773957724e-01 8.147629515514195342e-01 4.851812571112724126e-01 1.026667439974914692e-01 9.367181924230308931e-01 9.329645046916541506e-01 2.929353606808194344e-01 2.755973536378668043e-01 1.095965177930063872e-01
3.853833590698517164e-01 2.107561521658089451e-02 9.835667395805826052e-01 7.969123815830045920e-01 5.878325148978377213e-01 3.746140119536878754e-01 1.006049303940010353e-01 5.119481488070410924e-01 3.096567393510296085e-01 9.055157884218736353e-01 1.340201001719842910e-01 3.859122319186925054e-01 3.684126228440420120e-02 6.042619560862716455e-01 6.222391236342742493e-01 1.665189261243231189e-01 7.716518315806518702e-01 2.215635668148132065e-01 5.612696694783824158e-01 4.346892672368818933e-01
2.583076151321913039e-01 1.153613668076188953e-01 6.085251277236657097e-02 1.265098439996127644e-01 4.962124287438033909e-01 7.094768965941222749e-01 7.890452090726194356e-01 6.419632724963039161e-01 4.251502610177068653e-01 7.572116044796369794e-01 3.564595908510975741e-01 8.748348877156825187e-01 1.020132504763958670e+00 1.920135685258826108e-01 7.652455942275022682e-01 3.946466203143756402e-01 8.155904229863112365e-01 1.048534177203264584e+00 2.484653279762701339e-01 8.570146249869060873e-02
7.035287247431035729e-01 1.189225342529948160e-01 7.197704677013386787e-01 7.322247058393260843e-01 3.679830889253330080e-03 3.947362305934267734e-01 4.605174187541062336e-01 4.832881057109931350e-02 3.649955961644085756e-01 5.704576280942817990e-01 9.539545565758103529e-02 1.524990143635191198e-01 8.658741720417320042e-01 3.371896228465980916e-01 2.804030939122896804e-01 5.616096717352149215e-01 4.931789513601955721e-01 9.414818221438731038e-01 2.883730631463762295e-01 3.559618891354912606e-01
3.382376422802085281e-01 8.060233727049449792e-02 4.045147679658418483e-01 6.974504589799135346e-01 4.522181616973774965e-01 3.307340935919038660e-01 1.013049601157852253e+00 1.018809106580403467e+00 3.491435808164672916e-01 4.303446363842893807e-01 7.951122476878156320e-01 1.720275291525876771e-01 5.531372858284550054e-01 7.905143053294281241e-01 7.762776092175136533e-01 7.645387103081577873e-01 1.412679211039817757e-02 7.068410938583779002e-01 9.381874062334391029e-01 6.213388514897985049e-01
3.437185580478240854e-01 2.133575179865083160e-01 1.018886411191188612e+00 5.380575963567463260e-01 7.181441794503242715e-01 6.827058182870705538e-01 8.422004019935879215e-01 9.160475366786695606e-01 5.148398683019457245e-01 2.199212387754826206e-02 5.547258802699670532e-01 1.025511044647927639e+00 5.294975231835737928e-01 8.160326050951821619e-01 4.025540009636174310e-01 7.960402460185471707e-01 2.724022263660159648e-01 4.266528309389716056e-01 7.135112598121186034e-01 5.675494960220599516e-01
7.483699589334080748e-01 9.919639996815446947e-01 3.626191532870052803e-01 8.435297004536007615e-01 2.221003441201482853e-01 1.353210784994987037e-01 2.748317574604998703e-01 9.639908902533077528e-01 3.348546967094003235e-01 6.193054801049877600e-01 2.565776068479493355e-01 5.077635652724143966e-01 1.863513657342832641e-01 4.524023151413494870e-01 8.128164424039806546e-01 8.277547293894217395e-01 1.010150393132143387e+00 3.531076592480110188e-01 1.021849687688674235e+00 4.548563380767750020e-01
9.226259843153817863e-01 4.873470399272483156e-01 4.230318366660626994e-01 7.119936836200726482e-01 6.191097037221610089e-01 7.648801828324179874e-01 6.551239049304665718e-01 8.811770707350732312e-01 8.149820536790546299e-01 3.240828673957300010e-01 8.502641588023017727e-01 2.035986019627683830e-01 5.696441091544344193e-01 3.837407112142376953e-01 6.894174983470712226e-01 6.420556235489019992e-01 4.035655110884828756e-01 8.637769430893676992e-01 3.790794813184968914e-01 6.750620123876240886e-01
5.188986698457240809e-01 6.291538490089675362e-01 5.849651326466105417e-01 9.978322283347160759e-01 2.207434724107363855e-01 7.078395326128722465e-01 9.296817624794891932e-01 7.033625218080208352e-01 8.469916569386181093e-01 8.408809623947965939e-01 2.892123959349184870e-01 8.526848155878240521e-01 1.546944885046186990e-01 8.429840171383008451e-01 8.914990720656550405e-01 7.142152407191026953e-01 5.064334260394162124e-01 3.750057670362498818e-01 4.553104101180296959e-01 7.156651209560560556e-01
3.018120408838341207e-01 2.075090939838699355e-01 3.789522901600269056e-01 7.175019751592541795e-01 4.312279568867800617e-01 4.517168349561658802e-01 5.126194468203713051e-01 8.183716120796402649e-01 4.041839166642197667e-01 7.793064607079819295e-01 9.218653745635279062e-01 1.798291268210215343e-01 6.590009532039612372e-01 5.278583185938212630e-01 1.076368705377669377e+00 9.714603213355006706e-02 8.419845172109546860e-01 2.660205946097497498e-01 1.064201157765054750e+00 3.963462124980122181e-01
8.937107905710198197e-02 1.143307647425141127e+00 5.458668593126680957e-01 5.084778065799825386e-01 4.567591976482500704e-01 9.594654317262594212e-01 5.846858925215482339e-01 6.414218926171824653e-02 1.013496811444005496e+00 7.630726728008593307e-01 7.672706199496854840e-01 9.880861622825359847e-02 8.692090257632444361e-01 7.417939569320251003e-01 9.616626124532773323e-01 5.000079819799508885e-01 6.941917129067145531e-01 9.407330216942064727e-01 4.723328452635275343e-01 4.962242254698401855e-01
1.040069159754885286e-01 2.177935346501123359e-01 7.279016029392039178e-01 3.205030225407108913e-01 2.010221554603066896e-01 4.608266908758754665e-01 1.009929488389988084e+00 1.918001145293143084e-01 8.529115723101087232e-01 8.182095111575615753e-01 8.649315931034190497e-01 8.989402816328242452e-01 3.679556691065015706e-01 7.400586450163755270e-01 1.848378304460956134e-01 7.828431537473661272e-01 5.900978823379013916e-01 4.896900957615512029e-01 6.314488381436231812e-01 4.724876258365522386e-01
8.373080831400085966e-01 6.881355672066690188e-01 9.630082869989506911e-01 4.126048813271225857e-01 8.234692289569627288e-01 3.488869899933184082e-01 7.584402175110428468e-01 1.966821225290886488e-01 -2.952629082205029606e-02 4.501887152322615604e-01 7.683369801222831308e-01 2.310261196609411927e-01 6.223216481289586266e-01 -4.825298364168939362e-03 7.369942008315697457e-01 1.267690762651854375e-01 1.216149702850334059e-03 4.711510804235597982e-01 3.190527678554991309e-01 3.837804676754787980e-01
7.496231168496688690e-01 9.718262736126982437e-01 6.843695447983619840e-01 7.654378326398364463e-01 6.968793821835667091e-01 3.816029668615562587e-01 7.480456166870815826e-01 2.919211432523098337e-01 8.621672620491180883e-01 3.799495568017235980e-01 9.478774413029136814e-02 5.711822950843412627e-01 3.434672318211157704e-01 2.760686493454556634e-01 5.791767712912671007e-01 5.744721788874761481e-01 9.073136679576081498e-01 6.674043234098789856e-01 3.513851214913049081e-01 6.402014247933267566e-01
2.481441898884749475e-01 2.340816285583309508e-01 7.229662218982920718e-01 3.656471801222730966e-01 7.203247213933701432e-02 4.729937050555665934e-01 1.361231681115166459e-01 3.364897041572414982e-01 9.281714445764074339e-01 1.054362665970576263e+00 6.867342754691934115e-01 3.276443849800418917e-01 5.413989488814853202e-01 3.828786259565148398e-01 7.332262684283950005e-01 5.720506659974946562e-01 5.514331998255223022e-01 7.706215796385548211e-01 9.221345202420686560e-01 9.487612303395998037e-01
9.981214460369296493e-01 9.641224335643520105e-01 5.953936605140085214e-02 6.343779421138316665e-02 1.065290208431431740e+00 9.255269950914128685e-02 9.915191133221100683e-01 5.684023826114517064e-01 2.471368484202035032e-01 7.664586898184172492e-01 5.114212722637551112e-01 3.690752300980729705e-01 8.613016251431770964e-02 8.356997561237988759e-01 4.522838102732187338e-01 7.875124397506194640e-01 4.739952402182849300e-01 3.023070089508548830e-01 8.016347685899730680e-01 7.765587263167087473e-01
8.616081387475441611e-01 1.645011612044415539e-01 3.873502082664445068e-01 -1.575518661668536729e-03 1.001611377560082339e+00 1.683142724683258096e-01 3.330331741245634580e-01 3.426390220303295320e-01 2.637179015260543435e-01 1.226480731144213160e-01 8.140021390569828208e-01 1.072914616986480274e+00 8.758007062601640413e-01 1.867135997393512548e-01 9.711504014710894417e-01 6.273128713673020718e-01 9.808585442448501668e-02 4.255774727754556563e-01 4.548147982046102378e-01 6.149000216187819889e-01
1.310651277556421634e-01 5.927806187014538208e-01 6.069030463563618305e-01 8.953025211253397009e-01 8.054642702585776970e-01 -3.075487598597488950e-02 7.103060676797685602e-01 6.459026496319493216e-01 6.713218466088208825e-01 -7.208868436675666680e-02 2.900785840556643555e-02 1.076068170718582490e-01 2.809316936080855087e-01 7.879914511591606940e-02 2.387457703237088891e-01 8.587136110208733186e-02 9.108086327594936416e-01 2.748361895530382348e-01 9.724912548268261903e-01 1.991269771167733516e-01
6.794489512682408416e-02 7.266511203346670555e-01 4.110458828050596591e-01 5.998779019790956291e-01 3.821143667619777418e-01 5.322710155635448359e-01 8.900081573804590196e-01 1.851367239226917316e-01 3.480847374755199897e-01 6.386146507297147945e-01 2.779596141474285909e-01 5.887892654848793095e-01 3.789420987286593601e-01 1.488456374073743038e-01 5.252580819628114295e-01 7.307567327319284267e-01 1.147846285522811760e+00 4.100953955330091105e-01 5.560389813607753418e-01 5.430433468570361466e-01
5.907346093517229502e-01 1.029960760209507054e-01 6.956528667323444992e-01 2.169773815929796068e-01 7.858186935637115900e-01 2.699235450091320709e-01 3.309333323767540969e-01 1.704693957699475737e-01 3.288448634342927002e-01 8.172521192914223853e-01 6.258954414040166503e-01 1.100627793173737601e+00 6.822959447606339323e-01 5.453601530346200432e-01 4.457237803081769423e-01 1.043813148697406268e+00 1.467499244054644159e-01 5.093740432706741483e-01 9.446030002758116773e-01 7.624041952138197464e-01
6.032884151208700585e-01 5.956007482819953847e-01 2.012803878454139661e-01 6.935686952583238751e-01 1.319340873227877464e-01 7.310538048716789250e-01 1.584219818054746487e-01 2.090355792081312891e-01 1.396661848405428008e-01 5.171613414606355263e-01 2.852885272004613837e-01 6.050505157413941237e-01 6.792248230681634524e-01 3.694478839291190364e-01 3.864450917476398017e-01 2.355955292460325257e-01 1.342796355147735377e-01 8.348012336716572612e-01 1.183013545981401182e-01 9.443214223493924253e-01
4.160976902285448142e-01 4.435205950331519986e-01 4.706608082866570869e-02 6.894627380106154169e-01 2.331613930820949920e-01 7.305280130149151285e-02 7.443467354192881968e-01 3.974367392860274073e-01 6.429518063894746893e-01 4.783707670670840906e-01 -1.646172160677762328e-02 8.737097891593982313e-01 3.043805789384681493e-01 1.124287076352730397e+00 9.284280972319823855e-01 8.038166793636219998e-01 6.693002753190978593e-01 2.927917774587501711e-03 6.533114817426981524e-01 8.308859603242373382e-01
-7.818923661096484345e-02 5.157677367133958191e-01 1.010814147799409479e+00 -4.431413059773903901e-02 6.106710076415375887e-01 8.850348037926385192e-02 2.836294289979427452e-01 6.915855884424771949e-01 1.911283613804509451e-01 5.325568680022482182e-01 1.020143365954982118e+00 5.883864481849786499e-01 6.450169754887160600e-01 8.195198101721353767e-01 9.324766857859259073e-01 1.567973296286959695e-01 2.055208555846087803e-01 1.914898385996336716e-01 9.728791135411746227e-01 8.089401030760643430e-01
1.048998891529353328e+00 8.272632408691321659e-01 -6.456891217739926109e-03 1.072321952182849536e+00 -3.451668819658617465e-02 6.272658565638481454e-01 8.289852927713555752e-01 9.958702333574706023e-01 3.071505960335491614e-01 6.145487907407298778e-01 1.941436758517023908e-01 5.192509368955412485e-01 1.431216932111350204e-01 5.422714179179595195e-01 9.103994972167933630e-01 4.712441453926781432e-02 2.628443182238722753e-01 4.661158735760376759e-01 1.436713825644596876e-01 9.423925489632618557e-01
4.665898048322293379e-01 4.848417459544839270e-01 8.752524199794334825e-01 7.683109646301229390e-01 7.442862106853730397e-01 2.249521731301467875e-01 1.341822036353142455e-01 2.798361574090103138e-02 5.074829392003740725e-02 3.159573574043074151e-01 7.333829958935953464e-01 1.009144769098305305e+00 9.012319071901804257e-01 9.911189935011823771e-01 4.066544761197841695e-01 6.600830081483831657e-01 3.830275267021476249e-01 1.817660805369933907e-01 2.013024754387750942e-02 6.420846340167457589e-01
-1.934861799099005242e-02 4.402440951002343228e-01 9.747008182233194429e-01 3.622526259155847694e-01 3.977171157800302170e-01 9.035884963584663865e-01 6.286730048567683582e-01 -2.313256869252608774e-02 9.623195876538828131e-01 4.057602154248231008e-01 1.410577108700705184e-01 4.065747958007387701e-04 5.390826896129338186e-01 1.363190530566912029e-01 8.062536775599001837e-01 9.377745987692297225e-02 1.920135473282999147e-02 3.263126655282230781e-01 1.585368440961411884e-01 7.354102157202804246e-01
6.007183995458282855e-01 3.979486602323311084e-01 2.812125576194218768e-01 1.347110743976541181e-01 9.641419639750562487e-01 1.835367460814850138e-01 8.392251718825256557e-01 4.161169602929321587e-01 9.528126230729964952e-02 -1.298707453852958847e-02 2.276257536098677814e-01 -3.446184274361591832e-02 8.252241650486181745e-01 9.272030661622342462e-01 4.806059050528908028e-01 1.344958635962561766e-01 4.357305734240027872e-01 4.816041121657697044e-01 1.976860761696666025e-01 5.744172020478773844e-01
7.275366395893624327e-01 7.558886695095748953e-01 9.229242960766036452e-01 7.048410354754158780e-01 9.708069413511554169e-01 2.677250172884175772e-01 8.250308922096257769e-01 6.585396695911658327e-01 3.412067589335260887e-01 6.638023447179388636e-01 3.567697667087339486e-01 5.287690154022856026e-01 4.373691836988612414e-01 7.489795206944195316e-01 8.691470435921277993e-02 9.160001895977680775e-01 1.072480273536233319e+00 -1.003349765409568446e-02 8.519886375987297811e-01 8.592056889594611446e-01
3.414735798574680681e-01 9.756850983965900670e-02 9.076429538460648594e-01 3.314581955954029602e-01 2.115441046946211490e-01 1.726940698643730787e-01 6.524807887686011609e-01 1.313351457747296835e-01 4.781454693591825067e-01 4.323939379040677711e-01 6.791807883056485418e-01 8.938091854464510488e-01 7.438722192594779958e-01 8.229033714168513258e-01 9.136891897247597649e-01 1.041054936707129785e+00 3.660410005933276145e-01 8.335085088993104963e-01 6.332978192717314547e-01 7.336922380289476742e-01
8.958843471523609825e-01 9.785188182461068696e-01 7.864035596777287918e-01 4.018826591597571829e-01 6.017296058024076411e-01 3.709339263198229153e-01 8.108695243355753535e-01 5.355439146027275443e-01 1.858675227759313819e-01 1.150470627763836573e-01 1.510943363305118636e-01 1.982174094442695489e-01 5.169443620270720574e-01 2.112463954670535105e-01 8.034263347497314633e-01 3.115291619371640119e-01 2.740972379636048006e-01 6.599242862663355913e-01 1.002910353902075169e+00 4.963506918954125324e-01
7.905857530433501035e-01 3.639019742006217584e-01 -2.550584013014657592e-02 1.663945939873957003e-01 8.818880935224564510e-01 4.629829468931526693e-01 1.040003706631350555e+00 3.676271075405954103e-01 9.688043280740546992e-01 2.483576227362458699e-01 4.618513703887495714e-01 6.124534560781786929e-01 7.679472937780580377e-01 8.930399075233940165e-01 4.951505228296295136e-01 9.867521266426065862e-01 2.264434431167943740e-01 1.574878936765476689e-01 5.652429839424472080e-01 2.989154397098280347e-01
3.457691973944014840e-01 4.523121053238011169e-01 6.970063270753008577e-01 8.748133958854787950e-01 9.811445010859822791e-01 7.442027887606592618e-01 9.737273075432387737e-01 5.290429453804924576e-01 5.671196899760283516e-01 6.731349629691432690e-02 1.391802790843523208e-01 1.003101198919725823e+00 9.934231761989515963e-01 1.018947320885696062e+00 1.123931055494777231e+00 8.061898768725866971e-01 1.890071695598834756e-01 5.080038652982877823e-01 6.630070631318623064e-01 4.462298998665293892e-01
9.008007902270086242e-02 7.958323756010976524e-01 2.404819168574702792e-01 5.709524978340027035e-01 8.063212933713407304e-01 1.991711914843521392e-01 5.905018741738875532e-01 4.280930674685831661e-01 5.970128093161203298e-01 1.694921910662472442e-01 -4.446082886153650271e-02 2.661396650806960862e-01 6.731241959801337327e-01 5.432972568230468591e-01 6.513022025522410274e-01 6.925531465020515753e-01 5.659661144223402385e-01 3.866303275749954915e-01 4.397783684968059048e-01 7.816040646943147596e-01
5.358572056480236379e-01 7.120002697500373845e-01 2.676615141221436178e-02 5.317751185651762302e-01 9.830456671238183564e-01 5.394038381891991252e-01 2.061938971059972536e-01 4.493372845206580757e-02 1.642608645037433590e-01 9.240401683083634410e-01 6.811944018758802066e-01 8.836125889774243403e-02 1.656853670171654358e-01 4.422080838781238810e-01 6.376695687268711943e-01 7.168670961416550025e-01 8.731258120860734273e-01 2.395156054023830083e-01 2.371625166460457346e-01 1.130550630120026878e-01
8.676890605390609190e-01 1.729190741433622447e-01 5.672282153187683390e-02 9.228451628889604574e-01 4.812780678964908576e-01 2.085703602312069804e-01 4.531552223303506044e-01 6.004350417244176397e-01 1.139697045232853090e-01 1.800769622924177360e-01 3.584241396690081571e-01 2.587442070847553177e-01 3.819203498935762608e-01 3.721796700684596448e-01 5.534100060905450258e-01 6.353039026714987214e-01 1.010967438743709312e+00 5.668492274500864792e-01 4.713611886859455508e-02 3.344684295107082095e-01
5.144000401637759817e-02 9.993021457617914383e-01 5.027422361510487381e-01 5.008868823729923925e-01 1.501959135379147547e-01 3.955607572725458043e-01 2.027599805261776356e-01 4.482010676303299634e-01 3.431204541087278792e-01 3.060081314667051355e-01 6.004154836662241035e-01 4.658556088777658921e-01 7.029102426369320256e-01 5.492009870205694089e-01 1.009821467936330208e+00 3.019955120455675157e-01 3.540872411876779813e-01 7.207417777908224910e-01 5.124730756992530445e-01 3.168951115591191470e-01
6.787868005874801991e-01 -2.228534411906745935e-02 8.606528629337555358e-01 7.845999337550600972e-01 3.513157910286279217e-01 7.269216091378072342e-01 9.954175694106361938e-01 4.278118846905925032e-01 2.166049929126879214e-01 5.898204376055450338e-01 2.410098364578553976e-01 9.456918280173053359e-01 9.462018364658040248e-01 1.359351881713371235e-01 1.152844631636518735e-01 1.556524733238112967e-01 5.344118239394135550e-01 9.013717959894889109e-01 9.863578224760514157e-01 1.162439532264431391e-01
9.655940311225634787e-01 7.129618014905635126e-02 5.114826278267001758e-01 3.867334645702316109e-01 7.468504662978878716e-01 3.084039323113045294e-01 4.075148874389304954e-01 2.987405056706539108e-01 3.655910945555673197e-01 2.736861341765214894e-01 2.205855504558998925e-01 9.865345654586001045e-02 3.138508133559413937e-01 9.195461505807905889e-01 1.189594140512559156e-01 9.996216105311428457e-01 8.466078245133082936e-01 6.127969598432638776e-01 9.769263313002570781e-01 3.487326590982612884e-01
7.848781307940640994e-01 1.029385402439056296e+00 4.989504382924480064e-01 9.307617092982695128e-01 3.215039155300192797e-01 6.978213733573189748e-01 1.949954356718866799e-01 7.422908380487639457e-01 8.655851578100188792e-01 4.286817452078350299e-01 5.634132052329979962e-02 1.860137164444665338e-04 7.797000368379349844e-01 6.299359848788883554e-01 1.421710123086741828e-01 3.038295896862990841e-01 5.040936542452001401e-01 4.120298087469964066e-01 1.700973441490878924e-01 3.211122044905759809e-01
6.569180269695823471e-01 1.313812829525753678e-01 6.337300628874149577e-01 7.931693319078993998e-01 8.566763078786850949e-01 1.039908471454254746e-01 9.930163259608645876e-02 8.947564675684921420e-01 2.292348161527549000e-01 7.407660499182294744e-01 7.249502815825957791e-01 7.847534923689546416e-01 8.263327136726343891e-01 6.304776039755584094e-01 -6.408538675252634098e-02 2.758740400466833109e-01 9.014843419413111347e-02 2.500883666193897681e-01 3.027913274880495997e-01 8.349458587959656120e-01
1.521033283015383319e-01 7.994400955216727223e-01 2.945835615902419602e-01 7.481776383242138007e-01 9.409793410192195395e-01 9.009409818389306768e-01 3.334364233303361291e-01 7.384274665388836922e-01 6.763106158120328892e-01 5.018554983439733608e-01 9.638073603360233776e-02 5.465249478517187898e-01 2.300251272924460078e-01 1.113198574137811203e+00 4.315244409613742671e-01 5.995856393360682324e-01 6.270451510926227101e-01 4.299621928107346114e-01 6.975342161952325926e-01 6.833101884111762725e-02
2.223048299588840093e-01 2.364541335905676611e-01 8.841076461593022628e-02 8.916389772364973210e-01 9.561404908749893128e-01 9.909166604470356354e-01 5.066975747764176363e-01 8.594388399169108350e-01 5.587298338429130123e-02 4.623562752063102299e-01 4.736664876301406313e-01 7.603305250890418643e-01 5.590312551548106690e-01 7.406013143573574320e-01 1.536809774609196044e-01 1.482825376857409283e-01 5.151002846126113976e-02 8.060060831823577798e-01 2.850101904198856229e-01 3.478737433563933168e-02
6.745546913617627149e-01 -2.768836528369386998e-02 2.731139332637808059e-01 6.174300238650513029e-01 9.142532094532598852e-02 6.779187127278706315e-01 4.992171109652608352e-01 4.019153638165013365e-01 9.769943766327959800e-01 4.996055998256840325e-01 7.751075280790687971e-01 -3.981323762388376541e-02 4.092728132286185122e-02 3.226519889990803192e-01 1.019352359396197422e-01 7.411053530070232931e-01 7.476813145455640797e-01 4.157626393806982401e-01 4.080259108734828888e-01 1.055118713741520331e+00
9.254023944525291423e-01 6.015351772915507045e-01 7.980927984749259796e-01 7.124673812608662837e-01 1.282702520182882160e-02 1.083195551762645703e-01 6.617695194736682440e-01 -1.405754698690124538e-02 7.594789361772018577e-01 3.922080528076895556e-01 1.065593651750941229e-01 5.302110510461648385e-01 9.021883745855098224e-01 4.192250146668622945e-01 5.941258726357350611e-02 1.498130143411499360e-01 4.066459519399364675e-01 2.248468567749164204e-01 6.175490982777813442e-02 5.578304481007447801e-01
1.653932067894299807e-01 9.196949009988041324e-01 4.112471859003042907e-01 7.229406791947187161e-01 5.068292591025436167e-01 3.000925227641484602e-02 1.542842253584158496e-01 4.372850377908883424e-01 9.033634329857488376e-01 2.148339625818703746e-01 2.328206794994785445e-01 9.678039986075258616e-01 8.669566969572971571e-01 9.372533988268251237e-01 9.735322433265373998e-02 7.520217143212465372e-01 9.624209560409620334e-02 4.096108482317119548e-01 1.066445620078019907e+00 6.244055036035115469e-01
4.726042283579126035e-01 5.149087412300998867e-01 3.582429489400602018e-01 9.758894921991001503e-01 2.321304753495036788e-01 3.139235634018499033e-01 1.129154040846957613e-01 7.344176114247873421e-01 2.246615559652572758e-01 7.772934213615393384e-01 6.971552149051865044e-01 5.756097169858849227e-01 7.045922899422213392e-01 1.457775224045247953e-01 1.800664869203925655e-01 1.142146517850169268e-01 1.025561548447958105e+00 7.568180708613889696e-01 6.451716415082779932e-01 2.144932415881422028e-01
2.093576604758940474e-01 2.037803139295681354e-01 6.560918113554040643e-01 3.038733443763611680e-02 9.699256520641919010e-01 3.011316936721656901e-01 4.529651760657602555e-01 2.052481303334529605e-01 5.442453562365496822e-01 7.686496734347852966e-01 9.084096086754556154e-01 4.690853925285626280e-01 7.415023797114317361e-01 3.892666964551402264e-01 2.852465333664153113e-01 4.382383858794720033e-01 5.402123016827254931e-01 3.633067829414066141e-02 1.185337881126490300e-01 6.810874722964096462e-01
7.522888402326257662e-01 9.678399395121651816e-01 6.589804079578921447e-01 1.174637788076373646e-01 5.447710241934946573e-01 5.451612929145215336e-01 7.556453886768329520e-01 6.836078573725581364e-01 4.685013203359363887e-01 8.000160039587692618e-01 5.757624483229938084e-02 1.484673759060409041e-02 6.402182656655620585e-01 8.195269199182112496e-01 1.300892871851284938e-01 8.546534712552767976e-01 1.816155436883506724e-01 1.080468366335824326e+00 1.949633328329454796e-01 3.104264925832982414e-01
4.757554682883818331e-01 1.794869011573184403e-01 8.180194080483423891e-01 5.678631311598589804e-01 8.432911914643961282e-01 7.608700581251565120e-01 8.061786638296685181e-01 4.842538998072516421e-01 2.120198256598442021e-01 1.061553742284937041e+00 2.390386864663856803e-01 2.561639141380323559e-01 4.994636494902464086e-01 4.544865287793942721e-01 5.972606210225338275e-02 1.080346410245130312e-01 2.705946380690124053e-01 1.011672386488768893e+00 8.838100714920088530e-01 7.300891870995005473e-01
6.470436304454482146e-01 6.817537335230667850e-01 6.352506024438820953e-01 4.438943571312659042e-01 1.656904621106577991e-01 9.200569911426941250e-01 7.163240242930923873e-01 6.412801302160625605e-01 1.988331125258128718e-01 2.036354724341929157e-01 3.515691614441144863e-01 6.511713015664485349e-01 3.897089391218029331e-01 4.969400690516126984e-01 2.862011106856751641e-01 8.669275768343933652e-01 5.649608797719268827e-02 8.071891594225246713e-01 7.500683261479998976e-01 7.614193022056113813e-01
1.568235509346234680e-01 4.750103415816497310e-01 4.039573659910743464e-01 1.193205392985860203e-01 9.476900074087178938e-01 8.305491850145730881e-01 6.210234371334071302e-01 1.023108850715875873e+00 8.152272159158865383e-01 4.563550705371490768e-01 4.661937158049461044e-02 4.491731607179089147e-01 3.816560859626733637e-01 1.505728076153298178e-01 8.221335909951673626e-01 8.260803602694943848e-01 2.103099435541364026e-01 2.685593398295635370e-01 2.053393419508494633e-01 7.781034881376035217e-02
8.343655430135499262e-01 7.209092002716763758e-01 7.477601200687935545e-01 8.478160337409268443e-02 2.765336547545806378e-01 6.788242961150096066e-01 8.928038209674777903e-01 1.938742050721504462e-01 3.039259640957160946e-01 9.144015235525079777e-02 2.310091347667135586e-01 4.581048486062319069e-01 -4.457255712234206579e-02 3.806577648456500040e-01 6.639815605497897399e-01 1.419367181049634996e-01 1.015971125743856174e+00 4.884627617925507148e-01 2.805617802064682142e-01 4.319094326032944797e-02
2.076561358452413963e-01 1.533140568452223407e-01 8.533427148377993321e-01 1.875286682507033287e-01 5.585389524434650754e-01 7.927034685099053624e-01 8.387608280567011576e-01 5.524760076205066373e-01 7.097774318557108497e-01 3.695545795725790339e-01 1.586485306077547452e-01 6.228550135284433714e-02 3.336554491393121102e-01 1.012668281572955964e+00 7.367833417622284831e-01 4.050934447509468295e-01 4.684445072139882815e-01 3.452227198657701335e-01 9.200980282196443705e-01 2.859650512289404478e-01
3.166790221490216606e-01 2.149433013255730995e-01 6.182824131054610595e-01 5.532129232376872263e-01 2.254503509466920241e-01 6.567518181484047757e-01 9.396793511818487543e-01 5.174094143004149826e-01 4.965462362515493666e-01 6.612266583125619990e-01 9.303606191470796816e-01 -9.690402865536712484e-03 1.442489467447938441e-02 8.126157305649661655e-01 5.873964250814789345e-01 5.983896536581501113e-01 5.088535494763018335e-02 9.703241013258947500e-01 6.113597816439568788e-01 9.092196571935350358e-01
7.937276585215049529e-01 5.605610971704095835e-01 9.913137389485294770e-01 1.670917762686530694e-01 1.245662687739279573e-01 6.261304433875886089e-01 7.091789806610022673e-01 6.272069945282787717e-01 7.455333227108394967e-01 5.232363236957067176e-01 2.750283733157614652e-01 9.595233395954498867e-01 3.602487466269689298e-01 9.705427555900749681e-01 5.960319976117344209e-01 2.994908292455417675e-01 8.178316400886643800e-01 1.148886762972937264e-01 5.430019810868468300e-01 5.091336879199324095e-01
9.381914598126290805e-01 1.881597275195114605e-01 4.189423861106119085e-01 9.656595769993745471e-01 5.402346928907993950e-01 4.272621263769098982e-02 1.535763127738567768e-01 7.737650324578325689e-01 5.545670364555386200e-01 6.326174637407967483e-01 3.607340353178293824e-01 7.669502376399786048e-01 4.151600143945453625e-01 5.533638937457286966e-01 1.292777873512584441e-01 7.210097570564643066e-01 5.751991450695423946e-01 2.016338301097297392e-01 1.335371882288901302e-01 3.564134371668932766e-01
8.968605433476638245e-02 8.791078118921619167e-01 -2.216889734042601715e-02 3.278644804743306440e-01 3.742889544644378841e-01 7.889080274652741087e-01 5.022194907065183900e-01 1.477951899402462910e-01 4.435514943094277518e-01 8.573697572497507302e-01 4.214298081220332337e-01 4.768599680237788352e-01 9.837441164660808424e-01 6.169604951401714832e-01 -3.025814574474349275e-02 8.132172275572912001e-01 3.110773963574894330e-01 8.587315750483086318e-02 5.406815336461079369e-01 1.627697330078798077e-01
3.402682341471280902e-01 2.890322715821267430e-01 8.827404664040251481e-01 1.412253132325701488e-01 5.888841995840006227e-01 6.171674605597229357e-01 2.614290150506632382e-01 1.586101072428713343e-01 6.076514212296785233e-01 6.068639033170158958e-01 9.046861196544396799e-01 3.918416251177289089e-01 7.115099453296012122e-01 9.633510374261482490e-01 4.172881924471034121e-01 8.835086900319961689e-01 6.871385455183001145e-01 6.538014313266357069e-01 8.412185965245286834e-01 2.731276788866144334e-01
3.182419299325706108e-01 5.921376059219564114e-01 1.160757240660981182e-01 4.796561101009788608e-01 4.431364389538299253e-01 7.818521830250200200e-01 3.280118941905327823e-01 8.995814133797909451e-02 3.218164395777838305e-01 5.324282721569795207e-01 6.079385837723532138e-01 9.803665621451512768e-01 3.609842221786279670e-01 8.833662938017378119e-01 9.037795784450757264e-01 6.616770446896782509e-01 3.920399769724694505e-01 1.895981364249512968e-01 7.500479337350486331e-01 7.599879565947069704e-01
4.446241642400676763e-01 6.052807641563521246e-01 4.883164558086995899e-01 4.777637804353153106e-01 5.141163867024018952e-01 7.496143554518579499e-01 8.018219747602939318e-01 4.526580885258580933e-01 2.336757636081752965e-01 5.273190882708345129e-01 3.144225747731564380e-01 4.412685148161275550e-01 7.311318647523098457e-01 5.459540919030378969e-01 5.965381868794177311e-01 9.004901065119111925e-01 1.147809512149024908e-01 6.282781270380953798e-01 7.707289983510750009e-01 1.505510237987607858e-01
3.411050641119999227e-01 7.767008493145691750e-01 4.279461062507747271e-01 1.009245263694739103e+00 5.805634954484063109e-02 4.622559155002832487e-02 1.985062073920622616e-01 2.220779888910181799e-01 5.849222282198345280e-01 5.768154129979206068e-01 1.441974737435460785e-01 9.837480969602002689e-01 2.995317726386705348e-01 9.258338303204439734e-01 2.118759878879411807e-01 2.674308385029151025e-01 9.933909746690028353e-01 1.948854486369544781e-01 4.771169429512711613e-01 7.180798529262223395e-01
5.141977429573485470e-01 -7.482609181983528035e-02 2.630296485590981614e-01 7.453900400235803636e-02 -5.896138757365557842e-03 -3.648778017313630134e-02 4.903473982526452279e-01 6.069205983962049356e-01 3.910882405649046545e-01 4.769810499027110628e-01 1.121537169195924388e+00 3.042920252679499615e-01 6.110802609845641387e-01 8.408514017699272314e-01 2.673593755451316167e-01 2.905744288343445891e-01 4.193420620129207355e-01 8.400040742902905588e-01 4.188605197309722139e-01 8.400227698680136079e-01
8.995618172605697460e-02 3.992285496853829607e-01 5.596183462534705111e-01 8.466223272108348574e-01 8.320499287097011809e-01 4.020146663607208903e-02 7.893461966821709863e-01 9.693265809121448529e-01 2.169883459998342978e-01 1.065232771472594875e+00 9.310763682090158477e-01 2.367343274329967717e-01 3.350913330898936948e-01 9.551729275772012639e-02 5.198533562404400454e-01 8.680215164375923997e-01 9.763816747101011773e-01 4.808647934059479545e-01 4.403986208172170902e-01 7.658042327642918812e-01
5.531531624418785098e-01 1.431752248625120238e-01 4.210098266442570680e-01 3.103012557500497981e-02 5.654631722312005726e-01 3.239799126996042999e-01 2.974644740681102809e-02 7.905062373610660664e-01 7.480073146237915527e-01 2.682270499272461639e-01 2.711152873154641305e-02 2.269575524497496610e-01 2.944348331314195488e-01 6.445184291901264739e-01 1.340490871560571506e-01 4.682329799104887127e-03 3.055335743455375175e-01 6.163512634248375921e-01 6.118925913939036176e-01 7.003136002993416431e-01
8.848955005491497827e-01 3.821237796406583287e-02 7.523830079010511707e-01 4.039552961095186911e-01 5.901090506809738567e-01 6.426521589501354992e-01 5.775359449339204643e-01 2.189030608095465791e-01 2.803168905043544878e-01 6.872714169478248980e-01 6.489358915900380609e-01 2.693300152314250240e-01 4.999633771391052695e-01 5.663264906368160601e-01 2.578760723686167600e-01 9.030789055910571905e-01 1.059027349547038144e+00 2.890646063391905107e-01 2.323552939446488497e-01 1.524683720020521549e-01
4.543234310113351548e-01 5.251931019012960888e-01 4.949863895460213103e-01 7.397972585887363506e-01 8.979474619298779547e-01 2.750044180888625012e-01 7.044396977934321846e-01 2.955814486449192049e-02 7.066799688018974290e-01 9.162429492375039342e-01 8.889152361839458560e-01 7.305084996697308597e-01 6.288563557749897726e-01 7.052655487012025048e-01 2.815654627316803715e-01 9.184411411610616804e-01 4.663411825838817970e-01 1.664962565922425974e-01 1.436217783027125827e-01 5.468039882177581079e-01
8.491545728243076185e-01 4.387854043624419553e-01 1.013500954137075638e+00 1.025436493363817148e-01 1.018431727206847270e+00 9.700182078034227384e-01 8.360272158428696532e-01 7.257515023476921456e-01 1.250296394817906054e-01 4.487476261367637220e-01 3.197594155682859096e-01 6.590208360755975825e-01 6.582176420412186868e-01 8.312937538841842500e-01 2.598379649354832233e-01 1.584704854826472220e-01 8.511071358393593744e-01 4.759850055124606460e-01 2.164589651968064077e-01 7.287150665136747918e-01
5.041175507375563747e-01 1.865641027576254718e-01 9.309071463970159943e-01 2.198950293079928175e-01 9.338679613173723748e-01 4.405810098405999464e-01 7.658469645822526539e-01 2.303174039387468064e-01 3.928635943509299344e-01 6.477031423796123510e-01 -2.511975193518513685e-02 6.116097617991903546e-01 9.834291745010333985e-01 1.578657777858296085e-01 7.490655796821682477e-01 2.348793988956595635e-01 3.934134541191897094e-01 6.526658079189706640e-01 6.463252020006935439e-01 1.934355272658859204e-01
6.586293994338853208e-01 3.126462569689677368e-02 8.032504191618197176e-01 6.749942278547690355e-01 4.470447348447052494e-01 4.347850377888222706e-01 1.020976088121108960e+00 8.298299507093151450e-02 2.000499039239839461e-01 3.898835619044875855e-01 8.252586014768311662e-01 3.297789760829602512e-01 3.166787851448465280e-02 9.808872954921481480e-01 2.755125766110084751e-01 9.564414002432897882e-03 3.163273489301368646e-01 1.280043118371075039e-01 5.496537658694344852e-01 5.172254104168422240e-01
7.727383597207972965e-01 7.097501566151872554e-01 6.643704753827808229e-01 2.725626165932010792e-01 2.230405282031211744e-01 6.792919783667644706e-01 2.865691058688334958e-01 1.447320232180348554e-01 7.030029396552583965e-01 2.072773822326665627e-01 1.700287956971970882e-01 2.801559366194995571e-01 3.272840662093630115e-01 2.894729643384745185e-02 9.684102160452009445e-01 1.180838124467495698e+00 7.433489045536881834e-01 5.271853490387014007e-01 2.021079585723271066e-01 8.040271115339648889e-01
7.565619842183308741e-01 8.419334396181322733e-01 8.053813158209782719e-01 1.234653971765247854e-01 9.768268744992667507e-01 3.845071103720554273e-01 9.659875839096750127e-02 1.076608280885154451e-01 1.090687435728874943e+00 8.368025348210645920e-01 1.386736627718712089e-01 4.888944335556386078e-01 1.026722946490340460e+00 5.828418888765128925e-01 1.118514963092895470e-01 8.405666964280765485e-03 5.744246938070022290e-01 1.012589860238523709e+00 5.251543623986383302e-01 4.338820699116121560e-01
2.176111623329443079e-01 1.008623104553168393e+00 2.926412084624976928e-01 9.727697019582978166e-01 7.049749875711360803e-01 1.668599984736307273e-01 3.911397536420266330e-01 8.800312795035114544e-01 1.854842095107700206e-01 -1.772725230369591844e-03 6.914592823216935136e-01 6.349595401410126350e-01 1.639867439859455378e-01 2.629320033169602611e-01 -2.364626062509745524e-02 1.107466669745398868e-01 3.921150177596507969e-02 3.464624469629322689e-01 3.273319687059014771e-01 2.920910981606344992e-01
3.322454597089113948e-01 8.327232165040329148e-01 1.432568957029116685e-01 5.369924753268642270e-01 7.563749026915079776e-01 6.806606356088497067e-01 6.486506871816029307e-02 1.035508340708726438e+00 1.002201808923638193e+00 2.530624118325376926e-01 6.495662104072597032e-01 8.752014785272559383e-01 8.550221731783703705e-01 8.507753728603905108e-01 6.446852905066603467e-01 2.586427852657692816e-01 6.976621036130377027e-03 4.133767945125302323e-01 1.040764306126556349e+00 8.693756183193286358e-01
7.299770278395605050e-02 8.276684636776652226e-01 2.377239715540261089e-01 7.121928654454472429e-01 2.907129629680977323e-01 5.726294933435410739e-01 4.247769633360043984e-01 1.009542324278194902e+00 1.747044094252389046e-01 3.212740167235142996e-01 8.082397357887465272e-01 7.177551767383065773e-01 6.017771063894166161e-01 2.783745162175499943e-01 1.590070464616761825e-01 2.232493015445444484e-01 7.001192871466311862e-01 8.554935546071791297e-01 5.925400091264454439e-01 1.094243367555306934e+00
7.976265154062637253e-01 7.766902219874159963e-01 1.610382837561515623e-01 8.000947722651722271e-01 1.888132805796501612e-01 7.282904452252372263e-01 6.058607016985904092e-01 9.085787011304959915e-01 8.239399096733780459e-01 6.118108632411557446e-01 7.134665117031211423e-01 4.988723083729836860e-01 9.328442559672869838e-02 3.057056627629685108e-01 8.228612324543538303e-01 6.709627926153542976e-01 8.950308504178408620e-02 1.023293354318318915e+00 3.609135589993193172e-01 8.077104983622559464e-01
