0.000000000000000000e+00 0.000000000000000000e+00 0.000000000000000000e+00 0.000000000000000000e+00 0.000000000000000000e+00 0.000000000000000000e+00 0.000000000000000000e+00 0.000000000000000000e+00 0.000000000000000000e+00 0.000000000000000000e+00 0.000000000000000000e+00 0.000000000000000000e+00 0.000000000000000000e+00 0.000000000000000000e+00 0.000000000000000000e+00 0.000000000000000000e+00 0.000000000000000000e+00 0.000000000000000000e+00 0.000000000000000000e+00 0.000000000000000000e+00
4.824379518792056842e-01 9.578615342848253444e-01 8.579338088377410632e-01 3.461570744632441188e-01 2.481881868489425602e-01 3.914289470726616815e-01 9.367988355369259723e-02 2.966970363752749473e-01 8.649938250431030706e-01 3.622361248199557765e-02 6.325337840938917155e-01 5.730189555897358122e-01 6.234652945012580938e-02 3.312500827322799046e-01 1.828554135818265605e-02 8.889389567227162781e-01 9.573108485651740107e-01 9.114146077553683667e-02 9.474283174915307804e-01 5.506514009845262514e-01
6.883012267291703790e-01 6.335226553026028773e-01 5.969793609649057808e-01 1.400658267855194039e-01 2.507723650012159688e-01 5.894218792356505920e-01 7.415199055096117764e-01 1.130106630238662674e-01 3.102792377663668444e-01 8.363571767019565284e-01 9.874306127864053151e-01 9.728310878944873563e-01 4.053420015389759823e-01 6.756484884372542243e-01 3.143514708700050342e-01 3.854431293487946553e-01 -6.658712950500038710e-03 2.563837038746035746e-01 -3.114135072425084499e-02 4.145194479332901527e-01
3.323987737422315347e-01 5.800428389767113835e-01 6.733061332806877797e-01 6.512867478327075133e-02 9.788963844451797902e-01 9.529922820807518180e-01 6.554718835485244810e-01 3.824621997798315354e-01 3.226218339662588752e-01 1.888597637829104448e-01 3.117194733806896156e-01 3.324723009389240480e-01 9.532058165324167054e-02 8.520952446851337569e-01 9.026713165067797862e-01 6.166856545642845910e-01 7.933314716642011488e-01 4.095815298973470853e-01 1.934650949721463190e-02 4.594935586196586819e-01
5.771701363147254682e-01 -3.602948844296476744e-02 5.696624323422686542e-01 9.510903813472664226e-01 3.146772319725550937e-01 3.113998508508788454e-01 7.555551302282177417e-01 7.601247511255483369e-01 3.164232720814219024e-01 5.497111128405292035e-01 5.167074525092366644e-01 2.488962307795072604e-01 1.038205662770525645e-01 3.643840377418908760e-01 5.207800350961406810e-01 6.062964913194655026e-01 1.859802633232218727e-01 6.751169635007470138e-01 1.578856571800490993e-01 6.145321733890372062e-01
7.661197282917716622e-01 8.277137924314206252e-01 6.353322152992894045e-01 3.459735624243651109e-01 7.545548478363097722e-01 8.636148221574626582e-01 5.505619690533489763e-01 1.013977176677201664e+00 1.017820543000413913e+00 1.281701961417149871e-01 -3.466349880284311236e-02 2.159638133341866828e-01 9.804559981970388804e-01 9.122743201205739672e-01 2.335808211808731438e-01 3.496794141989739702e-01 5.325315287645336904e-01 1.923016965060418415e-01 4.669908305531279002e-01 6.908865570569231451e-01
4.703560417174522112e-01 6.590543266476558415e-01 4.334519533804913616e-01 3.434001552873643115e-02 3.124664900016513314e-01 4.916735752721049790e-01 4.815346080321916689e-01 3.903546744739063712e-01 4.867343866709072930e-01 3.635730918935632383e-01 7.579865574484716262e-02 2.748889527534478794e-01 1.012181609497787349e+00 2.989002470646821147e-02 2.832755498247637588e-02 3.641032455802621359e-01 6.551638232350353030e-01 9.907138985714135648e-01 1.044969073517468372e+00 1.058467438423808638e+00
1.447461892871110267e-01 6.311330158944638002e-01 5.089711234869079837e-01 8.421908964892449445e-02 8.860783163454495348e-01 1.960664995231814478e-01 9.778256252706005736e-01 6.058671746175032791e-01 2.116574540736748111e-01 3.793737767507009417e-01 2.953040821363759338e-01 4.560324752274138582e-01 5.189531846065237319e-01 6.943915221844841890e-01 5.053832694128427283e-01 2.951875915826598917e-01 6.050706708858564209e-01 5.776383003290755935e-01 4.053135611801804705e-01 2.708572382497368425e-01
2.217799830808845629e-01 5.073728609737477857e-01 5.009298829310119272e-01 8.787179025343211380e-01 7.545459431104277748e-01 7.092984485206935696e-01 3.499076294935336562e-01 2.775067705587120348e-01 7.241620688249184035e-01 7.463997684166474578e-01 1.002459802766581254e-01 8.150553323825357466e-02 4.108572806115273757e-01 -1.419958191106119282e-02 9.595621829761146193e-01 7.616771132207729167e-01 5.461896937453636358e-01 2.876844612816010782e-01 1.060594305851595559e-01 9.840558323768746618e-01
6.970899020138567881e-01 7.701577661536010977e-01 3.470735190148480087e-01 1.982174363514478677e-01 3.028718142838175420e-01 8.042202702541693116e-01 4.832049157878654522e-01 6.978871288544319373e-01 8.243573323411378384e-01 2.784266196835399332e-01 8.488471632384003707e-02 7.093496502953283711e-01 1.035128143370112053e+00 9.809262057242599253e-01 5.313266449067141073e-01 5.319969150835718308e-01 8.130945535883096209e-01 9.558714846597603509e-01 1.580913939051216133e-01 4.133688377064141384e-01
4.858416492052049507e-01 7.603615820646454360e-01 3.858106085583052347e-01 9.086853127319665102e-01 9.335899965403517964e-01 4.493244589182836951e-02 3.039963178947003852e-01 9.034172323089779688e-01 3.936821524428296692e-02 5.328741025975584078e-01 1.062738334613475777e+00 6.699032955737094230e-01 2.108918796848294752e-01 5.685618749803732497e-01 3.913391379711613216e-01 5.881567234768622088e-01 9.220055042965100700e-01 6.045428488746723561e-01 5.446719845748270172e-01 2.449977724489521835e-01
3.659611385540437190e-01 5.219196140507216253e-01 9.810175749758194563e-02 5.790081714575212590e-01 7.855405050938079059e-01 9.965911068534970552e-01 5.901564356235454722e-01 4.813015568376162734e-01 6.114487004734391329e-01 9.726449557978718019e-01 1.232680250937024241e-01 4.608276283102780702e-01 9.583491077204061570e-01 2.581737711570881305e-02 7.593539456600887361e-01 2.164500617313743977e-02 3.097384945758330232e-01 8.957108668898786097e-02 -5.051936883392324495e-02 6.484170146140991187e-02
1.435027436169470927e-01 6.854926671271116545e-01 4.469710979427535258e-01 8.219697987358729474e-01 3.181023462243535160e-01 9.020865762330086690e-02 6.298787122434190699e-01 9.455872207824541631e-01 5.704093392124355288e-01 6.183818751444896122e-01 6.720584032952098275e-01 5.405202683487939641e-01 7.785687851102824908e-01 9.523001322041950711e-01 8.430412482882162495e-01 2.191713893206377883e-01 8.613164962620404319e-01 4.357117879448867415e-01 8.211283432497599177e-01 5.425669362758521741e-01
1.905802268257756615e-01 6.455396528214008001e-01 1.966587209322530616e-01 9.649752041846642037e-01 8.049518108180848674e-01 5.471538896965990606e-01 3.230135366277004372e-01 5.031805437975683803e-01 1.635503457065721478e-01 8.162621281468691592e-01 9.179906164133775359e-01 8.427403428467882263e-01 2.290740496262917703e-01 9.216037665207308383e-01 8.663691451184168946e-01 -2.108299588039193664e-02 2.852526975131192688e-01 5.297184210823465689e-01 1.217553224115699717e-01 6.422092094419485919e-01
9.775820388382435722e-01 2.998038390605256565e-01 8.799180897452498762e-01 -2.829415702137693528e-02 3.747161171216940034e-01 8.463185553612904144e-01 6.410471450334008781e-01 7.369184531967848395e-01 9.210256112884166457e-01 1.848244135653480946e-01 3.958388194557004025e-02 1.712499982056344128e-01 4.445617189214418619e-01 3.941003983468767125e-01 7.766381511657698411e-01 9.215004310133313448e-01 1.422799695545616250e-01 4.291521949860960250e-01 4.452950781575154005e-01 1.116840562432214606e-01
6.600037099606648194e-02 7.121013629467043415e-01 2.939540342900111014e-01 6.866416415663840755e-01 4.017970448807064443e-01 2.054802285361344016e-01 1.599291302209338017e-01 3.933866815794579419e-01 7.694567169194956868e-01 4.631476763565619409e-02 4.701233672964581084e-02 6.173828759440286307e-01 6.282116165402338304e-01 8.075655643509949133e-01 4.616547971890728186e-01 3.686173240955532560e-01 8.478657059959918696e-01 5.013363260109888753e-01 2.841709970772781646e-01 6.670096821096806183e-02
1.838729595157786167e-01 1.232068582629271686e-01 7.236646798221271215e-01 6.225872383867261384e-01 2.279852839574294521e-01 6.131624858610165152e-01 2.004681084312006090e-01 9.405591570587124028e-01 1.174605597609169882e-01 1.633799009696298155e-01 4.580325601938024516e-01 7.383853676406332278e-01 9.115595188433489593e-01 2.773436993491446012e-01 4.400890606347466344e-02 8.047326059243887775e-01 5.071916790505324180e-01 7.775855013228101242e-01 9.215909967448221440e-01 5.329567705466363714e-01
4.771845055096574084e-01 5.718646612335056556e-01 6.054060429695683476e-01 4.523285732756483490e-01 2.114333379965832038e-01 4.193291703857031649e-01 9.780102341196165172e-01 1.000043131726554790e+00 2.877839265005081582e-01 8.155570284314621610e-01 6.226089807609382909e-01 2.422930316194173428e-01 3.715311768771615425e-02 -2.301622577870428722e-03 1.405538116275504290e-01 3.048696621421070341e-01 8.430119161071413236e-01 2.933681922459036029e-01 8.967446139164936270e-01 6.165500929021121568e-01
1.016154072194455082e-01 8.704488883276806366e-01 9.944978938164171778e-01 9.876570201060452803e-01 7.648259962403219925e-01 7.360160623184527351e-01 5.704570607993286746e-01 4.519472825283848416e-01 8.689030220074034361e-01 1.897514874817567490e-02 8.957919479362295156e-01 2.546111926554220917e-01 5.455377268767426235e-01 4.460919413883746021e-01 6.129583524576927012e-01 6.171776141630799239e-01 2.687383380120279552e-01 1.553197794173100943e-01 1.322641370992938548e-01 1.954427336931765721e-02
9.342670944804536415e-01 3.859952105881971351e-01 1.325465621789495008e-01 4.010044009049847924e-01 4.831643445928864300e-01 6.931888592481658673e-01 2.307522862702409971e-01 6.464188034139785044e-01 1.435617263645643238e-01 5.891406392164709738e-01 1.682780591434186179e-01 4.058320537022654939e-01 3.955252726638351923e-01 2.286796939227584147e-01 3.917662467346108013e-01 1.161087505093879313e-01 5.679870457519696769e-01 4.269005545381216599e-02 4.370610061321746898e-01 4.947349289616190804e-01
1.437983259384045288e-02 9.734914578211990577e-01 6.118909669695173914e-01 6.077642474480928758e-01 5.655813759234161742e-01 7.214741731642849709e-01 9.237901353652787362e-02 6.271678446144144381e-01 4.949758856254012906e-01 9.561525894035906026e-01 7.728047829037987260e-01 5.557114171888004606e-01 4.254860268553199432e-01 7.988991810809682459e-01 7.220799477475013939e-01 9.198103957918336571e-01 8.246192158823126839e-01 -2.717141280380556967e-02 7.659442464676422535e-01 5.515115035490451012e-01
8.612406807390859953e-01 5.139405482301843131e-01 5.955781696253684698e-01 8.939514767934932937e-01 5.542295930844478580e-01 2.582142523047460392e-01 6.142547899929462485e-01 2.699959313111222753e-03 4.832052937524512481e-01 7.802531606310435519e-01 5.475006895403783380e-01 2.143413129481534507e-01 3.495674916553854761e-01 1.014040024344396329e+00 4.043417778332006329e-02 6.080775696411000464e-01 1.695723637782653448e-01 2.029346873139935281e-01 6.601666744886285354e-01 1.401005445148068018e-01
4.146761271014268169e-01 4.149387343171705989e-01 6.995727415827004414e-01 6.407493258708080175e-01 4.558697650016596548e-01 5.549415410094796774e-01 7.554586474897642123e-01 8.246226419669979713e-01 6.127982351001151629e-02 1.019869610074159771e+00 1.329173786175397443e-01 1.027463897970079865e+00 6.916752523821433074e-02 8.581925725646827319e-02 8.038221579256222826e-01 9.770305243719612509e-01 6.988787632464488198e-01 6.878222542346984492e-01 1.636115622145239701e-01 2.303205502418624318e-01
1.704519604289878032e-01 9.487724091160763817e-02 9.696975970977882442e-01 5.615552395757377191e-01 4.547823691624927056e-01 2.938364965848799248e-01 4.178466674479609511e-01 1.178642710058056542e-01 1.864357146520343733e-01 8.828827692461429510e-01 2.938984415454328758e-01 8.423457498385239495e-02 3.393031922224208907e-01 9.733964059134589952e-01 3.337083713237269378e-01 7.980656010825816216e-01 1.035915721383598997e+00 1.157238921460038150e-01 1.270008004796962520e-01 7.191281440055424801e-01
7.972577819515344055e-01 4.271539078442140314e-01 1.057825986997673468e-01 8.094157851344208066e-02 5.801342832444591341e-02 2.974092947380757579e-01 8.279696251416852615e-01 9.392877870342833946e-01 1.656730051666028825e-01 8.959532094109209366e-01 7.392264713803314846e-01 6.247967915366349212e-01 8.432050094453983347e-01 2.284745971213129057e-01 4.966494459258490868e-01 3.304173274009273853e-01 7.418530208585570884e-01 2.269111521177825386e-01 4.550558794665005569e-01 2.755122846999304431e-01
5.740983932977914428e-01 1.580818135791110246e-01 4.726868858416280461e-01 4.536221684337510274e-01 1.727375577870073065e-01 4.888047588694156564e-01 2.047669782895128465e-01 6.297559574981989039e-01 5.369980879861956380e-01 2.050812589874192182e-01 5.793067025761505784e-01 2.947458554440082756e-01 7.910630909889964091e-01 4.729638248102782105e-01 9.910386373006956073e-02 9.316698250902949452e-01 8.931177339628566525e-01 2.482601823576249256e-01 2.800994674000739093e-01 9.827051188937635517e-02
3.467942524321779851e-01 2.758321992965390504e-02 9.311003920290281677e-01 7.747448149237545767e-01 5.645738059594422875e-01 3.449078936277062968e-01 1.167644253053332637e-01 4.745934508881166081e-01 2.633102622855025832e-01 8.864932510498635398e-01 1.154689135653260007e-01 3.702386235645451773e-01 3.868391906213243525e-02 5.627265169782674770e-01 5.956150102488668718e-01 1.624766526358335517e-01 7.479589230009588974e-01 1.844573695061129115e-01 5.545829056077787866e-01 3.941335313914855476e-01
2.393404558788393699e-01 1.065808810908510790e-01 7.375675438544944396e-02 1.139915889231993551e-01 4.745183413094788971e-01 6.716635979398424272e-01 7.620064287166226080e-01 6.117939080899488236e-01 3.951980100510875116e-01 7.203227999847047203e-01 3.337686923990749177e-01 8.340486918848076803e-01 9.686821273295013190e-01 1.732745113626336375e-01 7.345584811179778351e-01 3.920308859202724650e-01 7.722657518988665926e-01 1.014364129481710952e+00 2.350022422747418682e-01 8.085687136463082236e-02
6.736991717221736398e-01 1.106951959993393159e-01 7.018269951029374454e-01 7.166979231818282337e-01 1.359357359084146892e-02 3.511950174962292226e-01 4.476466456699433882e-01 1.671562557536636004e-02 3.556107156717744910e-01 5.457021734876437158e-01 1.041609530844379572e-01 1.565751083786611486e-01 8.173463041600715906e-01 3.034910651663706438e-01 2.392157502081217468e-01 5.560315537176613310e-01 5.126044508627177754e-01 8.877916236350291701e-01 2.810119650816599313e-01 3.364652032134954340e-01
3.157341085698295857e-01 6.086602562448601567e-02 3.899112281574164118e-01 6.453980708453637138e-01 4.350682831737197054e-01 3.201447868821322151e-01 9.627912612291974481e-01 9.623311280637695253e-01 3.433732521112499159e-01 4.191820787498790613e-01 7.588247444812651343e-01 1.601399629473960473e-01 5.465638276421880271e-01 7.618640652680304104e-01 7.381488629604606722e-01 7.519122189393222522e-01 1.839825410259635433e-02 6.687043252806902371e-01 8.989122584735348420e-01 6.316674034812387317e-01
3.339483251789284179e-01 2.014746619479344802e-01 9.812400377801561158e-01 5.132612875449928946e-01 6.942549701179246968e-01 6.566239821744400684e-01 8.094589582316655818e-01 8.576670001318675851e-01 4.802619228081989045e-01 1.079375027259135873e-02 5.312634958708003508e-01 9.717597396509045637e-01 5.004650254550928601e-01 7.878753158834521653e-01 3.698648373060208217e-01 7.732988584760619455e-01 2.551910626796649040e-01 4.016044651476235461e-01 6.851377639194458080e-01 5.356831675123852055e-01
7.161099451761970824e-01 9.560181470546825766e-01 3.475094189181716642e-01 8.200320637521749667e-01 1.990369050083373170e-01 1.368245569506005010e-01 2.640875642008422286e-01 9.322486433720010846e-01 3.252011222684643155e-01 5.975257518804234502e-01 2.489079039394417603e-01 4.834248061760625381e-01 1.777183106260615819e-01 4.123292430145721887e-01 7.801683271074659753e-01 8.084862091096295389e-01 9.539885454700851586e-01 3.410420348051455552e-01 9.714987878803598154e-01 4.331371132525598799e-01
8.800702483989903957e-01 4.556862636566961222e-01 3.888030427032054814e-01 6.709002941195419956e-01 6.114212799067479942e-01 7.249647170790620709e-01 6.271564590483553747e-01 8.710056309466007729e-01 7.914337792576126018e-01 3.045669991976165392e-01 8.263631239082658286e-01 1.885043623914544331e-01 5.496830895948383588e-01 3.691999104738637461e-01 6.338229766504983598e-01 6.156519378977654000e-01 4.096137409810318153e-01 8.313267896809325430e-01 3.718841809878113414e-01 6.465815582638585468e-01
4.981154554451120431e-01 6.059287106332772455e-01 5.575195537686101765e-01 9.474429626705028751e-01 1.886361987007700580e-01 6.630011621031038915e-01 8.975647468853312771e-01 6.476951835528733659e-01 7.879460534404747474e-01 8.032193265940412719e-01 2.953329485551649536e-01 8.262564963715135491e-01 1.360769329327531918e-01 8.328982808788146786e-01 8.727750349421733445e-01 6.830079676395606203e-01 4.785759707628832738e-01 3.605000239679922447e-01 4.626545924781758634e-01 6.796486951042230995e-01
3.108159999605301649e-01 2.099990421935115092e-01 3.587896373521693993e-01 6.828531700705890994e-01 3.989935830261752692e-01 4.480211079450394096e-01 4.993484571479288592e-01 7.823772968427503693e-01 3.990982248597015891e-01 7.568824773344070556e-01 8.728627159649751110e-01 1.541238077378223881e-01 6.276336811059494147e-01 4.878288069877290134e-01 1.026792697090145090e+00 8.368751317674436030e-02 8.060674150079152334e-01 2.487859577162302716e-01 1.013452624415648318e+00 3.729158327529413230e-01
9.323437086495335591e-02 1.099783576961202769e+00 5.199131235467986389e-01 4.998611153548467856e-01 4.315529348645562036e-01 9.120455945625016714e-01 5.663725110470364532e-01 4.633099741299780139e-02 9.649220807375197273e-01 7.162349359820134875e-01 7.400255560710741198e-01 7.726078605430881929e-02 8.384477159112008193e-01 7.102098316644164244e-01 9.191552538647220771e-01 4.868094483959806706e-01 6.416147756217690512e-01 8.937457360473585188e-01 4.676375136724627013e-01 4.885268576645585559e-01
9.522743443368585081e-02 2.134182735318079782e-01 6.860900599761534657e-01 3.081030978914407470e-01 1.970372803740881862e-01 4.356194624773011004e-01 9.587255744475153829e-01 1.834114743968998928e-01 8.058685451902206642e-01 7.830304628805454525e-01 8.220670955545282821e-01 8.572780139123179488e-01 3.573490099393766273e-01 6.991601816064871855e-01 1.918116868443557888e-01 7.538742611053546039e-01 5.692187653719221752e-01 4.738440705164592703e-01 5.824424175809911342e-01 4.543305441864655125e-01
7.942962872628914761e-01 6.410116406751863449e-01 9.284838046902373909e-01 3.860513753277726168e-01 7.880020789875461507e-01 3.312756089372945190e-01 6.932118085359568749e-01 1.962899546024951258e-01 -3.835025554458933172e-02 4.223895258206420977e-01 7.384642185274220560e-01 2.241181913360448807e-01 6.106566666049859649e-01 1.856288902445329958e-02 6.859580648684007187e-01 1.162471550468412440e-01 -3.901799643190150945e-04 4.626797191288447020e-01 3.081947381529959729e-01 3.564337678339736248e-01
6.843461313420047265e-01 9.245531123923482753e-01 6.422860565948473877e-01 7.188896606377037646e-01 6.779099300452593457e-01 3.619329021690312898e-01 7.060425037898978573e-01 2.849961058129537039e-01 8.370407795484844371e-01 3.780924959988158363e-01 6.436831622087701987e-02 5.515932074892113679e-01 3.211162149009241795e-01 2.947122389467640158e-01 5.470238306657450034e-01 5.536569500711470138e-01 8.889583114175158007e-01 6.366907996545870807e-01 3.256140948122025480e-01 6.258801163196355821e-01
2.631180842063751690e-01 2.268802471755488603e-01 6.669346399517355195e-01 3.439165694419460961e-01 7.270235927018753319e-02 4.540978049843528153e-01 1.414618803440771955e-01 3.223110245231559090e-01 8.932530507138752851e-01 1.027482626042217406e+00 6.459233254800361701e-01 3.147111734181283760e-01 5.160835900500053697e-01 3.805267775423623600e-01 6.799153728145022058e-01 5.498679620228286158e-01 5.248612814603477172e-01 7.383221876913336201e-01 8.542265456100417431e-01 8.939852306147992866e-01
9.519752159351435594e-01 9.192407542153974154e-01 4.240766750964967274e-02 4.273629488240482388e-02 1.018333641671455014e+00 1.095164367434025426e-01 9.652755442645617467e-01 5.285321435618044461e-01 2.447793704078360111e-01 7.296387552267029619e-01 4.760342115385772233e-01 3.593451146061339418e-01 8.193997149743900699e-02 8.191213404109018992e-01 4.491426565845113572e-01 7.491463683543019281e-01 4.556918812984334100e-01 2.895242006061040652e-01 7.696037708213172568e-01 7.354221074847390183e-01
8.193304584569705007e-01 1.401978967740882820e-01 3.549118293201983243e-01 1.027397835359198167e-02 9.474229569815697527e-01 1.484292033705211233e-01 3.125455661594378487e-01 3.409099213687324936e-01 2.566615010646553507e-01 1.167609209285421223e-01 7.603414042731692080e-01 1.029208324428450450e+00 8.309412839864211975e-01 1.780515807908884252e-01 9.191732998274152466e-01 5.949277167136037825e-01 9.840486289575749168e-02 4.168864296406904479e-01 4.210978909449223373e-01 5.907983505251570566e-01
1.113898380197596433e-01 5.723050621228297219e-01 5.815963717166203750e-01 8.610876961895611581e-01 7.698873876289487050e-01 -1.482690728175401103e-02 6.830929044468408984e-01 6.152887418972898814e-01 6.409298509660900089e-01 -6.748249073371666296e-02 1.659177532895372148e-02 9.245305734873043857e-02 2.589319588850950704e-01 8.285106096090466554e-02 2.311994825419977084e-01 9.493081114236910645e-02 8.676922298580288517e-01 2.641130220567154963e-01 9.238759071436073445e-01 1.909091237355244330e-01
7.911063356488970411e-02 7.078735822177433246e-01 3.800334717739433654e-01 5.820754987748399945e-01 3.495311816005002292e-01 4.993136199542379527e-01 8.648688366198423738e-01 1.577054267918119868e-01 3.017997297629814724e-01 6.105805488513702528e-01 2.661590409034593208e-01 5.749580787850173680e-01 3.590930622700335695e-01 1.473386181765716507e-01 5.029761340811488290e-01 6.900132662183299237e-01 1.104049904805401550e+00 3.904674794229721635e-01 5.329458654356552527e-01 5.038009347109176916e-01
5.698084767535537276e-01 8.622120365762298011e-02 6.589220800641061304e-01 2.235404441514767526e-01 7.326071210279971879e-01 2.627474831005131017e-01 3.362777907020799151e-01 1.600371430349835922e-01 3.099659092656761317e-01 7.939733328554281488e-01 6.037414303523886971e-01 1.083261971605722573e+00 6.467491848412330047e-01 5.201906322884336520e-01 4.337745103952002079e-01 9.778679910585960089e-01 1.321958701561091465e-01 4.647493047829142632e-01 8.877192109941025588e-01 7.119413676251516998e-01
5.865419142718439893e-01 5.634797419231930560e-01 2.022805349880078263e-01 6.525970072383535658e-01 1.364096387453742898e-01 7.311970449071701905e-01 1.565685856655292252e-01 1.752047033645250940e-01 1.279480778372984184e-01 5.036453731027327185e-01 2.904022190270651449e-01 5.757167924641355405e-01 6.467281022427646686e-01 3.487915788084527402e-01 3.617183296825418060e-01 2.470656815003510476e-01 1.130115751123364071e-01 7.964519433920065339e-01 1.190261047570873171e-01 9.070413141347174468e-01
3.972181301389001162e-01 4.176358568310364339e-01 3.477678643364302130e-02 6.682101890612435202e-01 2.224873588751831999e-01 7.341473306894782946e-02 7.121811742602701667e-01 3.823856037627860194e-01 6.240158593737730186e-01 4.575959748383008341e-01 -2.040173865871155665e-02 8.295664564783851169e-01 2.886017540652032198e-01 1.048969740525311778e+00 8.803291410669232819e-01 7.653623611237403424e-01 6.393518308353114410e-01 1.860159540073657441e-02 6.302532566091288979e-01 7.905310482390940363e-01
-7.501656571256726247e-02 5.088739210713069117e-01 9.791412793533350589e-01 -5.740348192846109893e-02 5.673105615432372240e-01 9.587473819006465947e-02 2.799475298073461071e-01 6.731895448982488928e-01 1.734549471891354000e-01 5.005299742252251605e-01 9.735671128750806869e-01 5.632365978482050117e-01 6.148191732435268619e-01 8.008959047645676232e-01 8.909741092466036960e-01 1.577763533602881685e-01 1.966966461106177400e-01 1.868269701079508516e-01 9.405954005772168003e-01 8.020234278548116214e-01
1.020774349141249981e+00 7.858693538326572137e-01 -3.147857391095448126e-02 1.020604057275213306e+00 -6.444848867122707214e-02 5.972856840701401548e-01 7.721668918310046204e-01 9.704868632168746068e-01 3.295364941670124170e-01 6.045430987551142499e-01 1.872297608980032502e-01 5.056259456957608034e-01 1.304771253915130713e-01 4.923272294354210654e-01 8.691816776432048641e-01 5.072348514502778016e-02 2.652852165030570308e-01 4.740053281902142923e-01 1.517087002037506571e-01 9.140119501648792388e-01
4.478145603568470801e-01 4.631919156402032889e-01 8.246293396137324150e-01 7.283432571957074719e-01 7.342196655118609083e-01 2.251907047644890192e-01 1.299166734529015044e-01 4.324593636605525426e-02 3.415685709186451480e-02 2.829857239266133084e-01 7.134943087451406374e-01 9.625596426676598094e-01 8.691850126000549848e-01 9.405697169766910060e-01 3.794999650376763012e-01 6.461408074511408861e-01 3.526464398538899925e-01 1.942364969886301307e-01 2.124462265345750285e-03 6.025973051385440371e-01
-1.995491165982037768e-02 4.226547877301063960e-01 9.117144189149077871e-01 3.393073917603058876e-01 3.866986470558602673e-01 8.530285039048774998e-01 5.993126830910451286e-01 -1.244610926786975102e-02 9.270792312361656462e-01 3.667031498697492231e-01 1.297471868480611079e-01 -1.813118996286383622e-02 5.218731324205452271e-01 1.337401146302766852e-01 7.565127613403348494e-01 8.781494010994390920e-02 1.153213206735754885e-02 3.089853288813744214e-01 1.357562358162470173e-01 7.065305643663432056e-01
5.651690564496678615e-01 4.009822248017191337e-01 2.693075071565773082e-01 1.203365645628626385e-01 9.156215263781964930e-01 1.895417689676672235e-01 8.134796670108286332e-01 4.037886524862962512e-01 1.071782880896109402e-01 3.313571517040271239e-03 2.150153987133508748e-01 -2.088658093884403558e-02 8.152963761287801425e-01 8.906874383345880775e-01 4.349677428207644470e-01 1.149880608845401664e-01 4.223812478807462134e-01 4.524929197856674690e-01 2.026014066816908543e-01 5.506597284153855743e-01
6.976653862483499502e-01 7.158959552914757607e-01 8.770479885437596490e-01 6.792248142502436137e-01 9.168344042071190358e-01 2.331250472849734356e-01 7.963468708100438498e-01 6.160289411511076230e-01 3.293796337773045035e-01 6.285819630708042727e-01 3.569343493761766850e-01 5.101125534870525335e-01 4.150791998375781278e-01 7.296834214412677433e-01 8.639076293963691977e-02 8.779969361290490548e-01 1.037944348667007022e+00 -2.574308711799225269e-02 8.201805779934326912e-01 8.184986568383202377e-01
3.143646497185430544e-01 1.058685197150901064e-01 8.686285791568497672e-01 3.422415757627353949e-01 1.945142175641780824e-01 1.615400045717983180e-01 6.396819726154944208e-01 1.182872359095859111e-01 4.507026544554631475e-01 4.124398791692548971e-01 6.447676005180802417e-01 8.517763676107903414e-01 7.063338577651225858e-01 7.880538716490569362e-01 8.649879799549187176e-01 1.028095446198510343e+00 3.692779273513638882e-01 7.919064451751688383e-01 6.262529885750873770e-01 7.143383146853178323e-01
8.599800993880812872e-01 9.256438735059498990e-01 7.428671258476661210e-01 3.759767820310660480e-01 5.822400424486212644e-01 3.551721132196770658e-01 7.948333138442141843e-01 5.057253310900721166e-01 1.859286016259591168e-01 8.113244383761183953e-02 1.310739938540276539e-01 2.091240653934148819e-01 4.881213614005633361e-01 2.089640531415479507e-01 7.614310849114692692e-01 3.062840181128443917e-01 2.634002257555142501e-01 6.180779689237949626e-01 9.590085015394737011e-01 4.890608306044284537e-01
7.604384455470641901e-01 3.392014763795619392e-01 -1.184427888299355129e-02 1.591440584647071665e-01 8.535227204100700460e-01 4.323504911711129051e-01 1.008093958889249020e+00 3.353920142530303905e-01 9.145123080049541997e-01 2.219751940832384307e-01 4.760992580555873377e-01 5.649122381608369103e-01 7.221538731970340574e-01 8.573374883392445023e-01 4.658466338374107618e-01 9.492771549084655369e-01 2.365383339383693995e-01 1.469521504088504016e-01 5.404609677559379932e-01 2.905474266394110772e-01
3.413605970925375765e-01 4.278586463142931562e-01 6.512954883759713987e-01 8.210408520424775647e-01 9.452500745530367787e-01 7.042551680836374173e-01 9.199569927645304679e-01 5.145686068586141637e-01 5.598554699916069577e-01 8.214026251902227516e-02 1.460650351502507105e-01 9.524863425092728875e-01 9.696126815451447944e-01 9.643921608524771427e-01 1.075651853257531876e+00 7.699387083161333134e-01 1.783158515851321901e-01 4.907543543966761401e-01 6.507334758448027889e-01 4.352113293871314181e-01
1.106661426266689480e-01 7.645723121255153520e-01 2.172259931717028525e-01 5.637283416898966060e-01 7.614524208294005669e-01 1.971902792824201389e-01 5.622358885219945757e-01 4.120918856169645816e-01 5.721252184388652129e-01 1.683040277225348325e-01 -5.528635679142453879e-02 2.391860003257375300e-01 6.458139185174570640e-01 5.058489710088830416e-01 6.313899770346439455e-01 6.761881095968791389e-01 5.437889107497033692e-01 3.710288536902460743e-01 4.162457648729817605e-01 7.440447439952001529e-01
4.879288596040585180e-01 7.049947242508192158e-01 1.083377458315312042e-02 5.049630298093203962e-01 9.347551016353585762e-01 5.173610965163137898e-01 1.904629828394111546e-01 2.817436635962532188e-02 1.580323407989277507e-01 8.697891961000127070e-01 6.437750991699948688e-01 8.168970378649736963e-02 1.399307381909166426e-01 4.393755109341687670e-01 6.108915954571348950e-01 6.790455926214464810e-01 8.379728791804698096e-01 1.963919164755972557e-01 1.978230794765422629e-01 1.018737637171671373e-01
8.295953608814959912e-01 1.638571590274920109e-01 6.073416761993551127e-02 8.723108423222853958e-01 4.499034356702064086e-01 2.011645704951781910e-01 4.288661933267288173e-01 5.906378260934158630e-01 1.215079121105766963e-01 1.747339650086068841e-01 3.378448460833984868e-01 2.471072082306860762e-01 3.819265056631961364e-01 3.535174537138146555e-01 5.136634452224339009e-01 5.958987796948639337e-01 9.694087018388825028e-01 5.610877643084599686e-01 4.824297711218518414e-02 3.250398052869111765e-01
3.619133563308099544e-02 9.666337547476588909e-01 4.739559005430101224e-01 5.074955559941264349e-01 1.779110192333323570e-01 3.724022175964799009e-01 2.045121722510282736e-01 4.462836968945750882e-01 3.281958117683598242e-01 3.215791716302175418e-01 6.023573691172162681e-01 4.416906717723416698e-01 6.537682122726253819e-01 5.293414152563501451e-01 9.719554769856747489e-01 2.892809929906243749e-01 3.426824951772586281e-01 6.742918444453638305e-01 4.771703434352730366e-01 2.921854849522408926e-01
6.432970449611964403e-01 -1.748542737830720631e-02 8.165767100142041768e-01 7.525418186351318095e-01 3.375178021665570238e-01 7.006724550092108261e-01 9.630167607550644826e-01 3.978065861112984880e-01 2.075236129514616834e-01 5.645611109213282131e-01 2.249029234864213522e-01 9.218862421534855800e-01 8.817457229796226148e-01 1.299426278066942719e-01 9.687141868549098422e-02 1.565181593531442816e-01 5.175975849760170444e-01 8.604105462326674392e-01 9.430232659297731468e-01 1.018037036177414228e-01
9.382279237770069225e-01 6.763639199713906980e-02 4.883359719917076958e-01 3.856171944655680250e-01 7.268621478189581930e-01 2.915796638029969912e-01 3.826568002150765313e-01 2.821025555475324964e-01 3.448202871126039293e-01 2.636089003413069620e-01 2.153136368560299718e-01 9.454926921360561065e-02 2.914488635798985761e-01 8.764179140738458385e-01 1.093500019503022280e-01 9.575684533179340541e-01 8.063945881716833020e-01 5.841994509799737223e-01 9.283981233743361372e-01 3.293434039051227891e-01
7.473920238433301444e-01 9.600742523673809758e-01 4.868174615193566201e-01 8.856068440691853283e-01 3.237709752393609364e-01 6.780851187613547992e-01 1.778457218458248390e-01 6.793965252816119849e-01 8.148310577675447197e-01 3.983550475644642708e-01 5.313095564019018613e-02 -6.812072289504584981e-03 7.325455161793043013e-01 5.676728865237986588e-01 1.581146483202906516e-01 2.845313369792514813e-01 4.824719513583886066e-01 3.751757346140023319e-01 1.615447052668106398e-01 3.056986032382068008e-01
6.338291693720071729e-01 1.595524950086240346e-01 5.970112425553387725e-01 7.548116394284790642e-01 8.275722042449820126e-01 1.038701248191651882e-01 8.937415179388655262e-02 8.500313951015536773e-01 2.226993699000847371e-01 6.938842971748612198e-01 6.849749762081464022e-01 7.362226756161169838e-01 7.922105072643655932e-01 6.237620248951918356e-01 -3.032794206690693842e-02 2.592152911582054631e-01 7.525591521706166687e-02 2.540932455403234203e-01 2.800515233547841154e-01 7.704554852977271162e-01
1.470038405663872949e-01 7.514762112292232565e-01 2.701126686005128064e-01 7.270082960261401439e-01 8.856258766997598952e-01 8.514593114197753776e-01 3.234824722640127770e-01 7.002881905595558232e-01 6.406383138739523142e-01 4.887870885801132159e-01 8.133370625399481690e-02 5.302957502955789604e-01 2.202508084988583914e-01 1.058105728953662616e+00 4.091041543362250454e-01 5.835781748770509925e-01 6.110300396425831781e-01 4.140833881276781425e-01 6.725959833084544925e-01 7.358785634282986876e-02
2.095769639187252953e-01 2.247572063608783699e-01 9.497443560989056455e-02 8.414726591270546008e-01 9.009956369416481925e-01 9.474371279499833598e-01 4.981737072133124999e-01 8.296419185122870799e-01 5.838407971836753058e-02 4.181551349956834640e-01 4.748841752076950473e-01 7.412291218726650976e-01 5.342090812724475946e-01 7.076590557269651915e-01 1.368931553080900976e-01 1.456444770510099129e-01 2.728510494136923703e-02 7.720534859369473368e-01 2.543892655512672851e-01 3.611592491940023714e-02
6.513062654655081829e-01 1.175106741151198987e-03 2.657789683126000613e-01 5.846467167922458907e-01 9.033951496128504732e-02 6.364949896372861238e-01 4.717377557718834824e-01 3.825267932961426975e-01 9.503479972364565764e-01 4.603905955324412158e-01 7.501095895586054052e-01 -3.830135777451369045e-02 3.617873444382531389e-02 3.190854753348159600e-01 1.031996498351685776e-01 7.110703105551631209e-01 7.234707679662151225e-01 3.882285934356598522e-01 3.888191051806679788e-01 1.027560315622708664e+00
8.822182501283165612e-01 5.680603376669641769e-01 7.690827662334814852e-01 6.686525219943051379e-01 3.284582907377504163e-02 1.072402103314804567e-01 6.148745731863136665e-01 -9.710312694084134374e-03 7.374167650445285771e-01 3.537348977177960374e-01 7.448535791146713991e-02 4.974202922195702925e-01 8.631966766723812023e-01 4.199641006337649363e-01 5.444274612912255312e-02 1.540971504025054895e-01 3.885219777519952622e-01 2.340251410881217520e-01 7.000011686397900057e-02 5.690672840253987452e-01
1.525758492689200940e-01 8.805147487325140077e-01 3.898561379046581177e-01 6.681826603983542778e-01 4.892537275544243114e-01 1.673833460677322596e-02 1.368880590876607739e-01 4.335030161342318111e-01 8.647568833800161059e-01 1.879000665950549542e-01 2.086094379232587281e-01 9.206144465042835900e-01 8.216573096163951595e-01 8.886739801640533010e-01 8.916815768669486553e-02 7.273704559223265198e-01 8.655282534618739809e-02 3.854726760042727629e-01 1.016488396922759607e+00 5.589508333887042157e-01
4.794633213471192756e-01 5.129601124987365202e-01 3.232004255457243680e-01 9.578083027227328738e-01 2.285429506059622196e-01 2.949424639973092788e-01 9.522921351162133563e-02 6.899219166829033689e-01 2.177792842728481226e-01 7.309166838992605664e-01 6.717518458440997486e-01 5.486028910896368904e-01 6.541392164061411441e-01 1.492953398473216287e-01 1.677187775162689576e-01 1.156995242819443409e-01 9.880060985385513694e-01 7.458142221282085815e-01 6.300870107312945834e-01 2.036818794227800988e-01
1.984798858766492480e-01 1.771214217326335938e-01 6.083176420978081422e-01 2.822998824339041646e-02 9.368416244822883598e-01 2.873638077274591196e-01 4.473342595505918617e-01 2.051104861943691959e-01 5.226681558611865341e-01 7.368071903086101937e-01 8.600683863461237033e-01 4.492271339569174349e-01 6.927264869123267443e-01 3.719429967125553183e-01 2.597319189963969710e-01 4.431901746818924792e-01 5.116213780289323720e-01 3.986913804757236113e-02 1.031419914600882753e-01 6.384144869325896199e-01
7.340771156027736666e-01 9.180224754060002379e-01 6.431148082877780059e-01 1.083669674176462872e-01 5.262740571101915954e-01 5.125597250482778477e-01 7.314110181187298831e-01 6.613891525356776491e-01 4.677858551704150991e-01 7.776500978487846938e-01 5.596682565363655243e-02 -4.919205660012744390e-03 6.044441851396114007e-01 8.006299875508394726e-01 1.385409761875423806e-01 8.114029606729988853e-01 1.701826510350133437e-01 1.036071619129057764e+00 1.819429750591232409e-01 3.109542454877711748e-01
4.606675474688048388e-01 1.710351380874247096e-01 7.944360893401375412e-01 5.482842830115004507e-01 8.055092284154597992e-01 7.142062466497263173e-01 7.733224468953810993e-01 4.631400984531164888e-01 1.968573856855450332e-01 9.919669416298244613e-01 2.298680168956141745e-01 2.498742143850301023e-01 4.936934379624675628e-01 4.348758688152545848e-01 6.760917796126625356e-02 1.038249461268661022e-01 2.634231414720494824e-01 9.759013139350171118e-01 8.343934649959557914e-01 6.922398690995523740e-01
6.288248846049062646e-01 6.660631972007530210e-01 6.123726426104855181e-01 4.100706729817866769e-01 1.553136724426704141e-01 8.668050211480499145e-01 6.768396025873124611e-01 6.054495876187824255e-01 1.916748564989775028e-01 2.068472927508586134e-01 3.654647279472090782e-01 6.128211862951691291e-01 3.714318344098331282e-01 4.678801083041190800e-01 2.559126272067320240e-01 8.295509599684778301e-01 3.633932785336684013e-02 7.829374572451105463e-01 7.297967698306555562e-01 7.220256596458366483e-01
1.684656202978793427e-01 4.449811969650003807e-01 3.939214689328925934e-01 9.498633117883532873e-02 9.229998059050763537e-01 8.048427769330551707e-01 5.885948198076814686e-01 9.790040687111339901e-01 7.637747582070978369e-01 4.343181975651879689e-01 3.741968773251782426e-02 4.510726589376360951e-01 3.677196380335338577e-01 1.495377954691410327e-01 8.006179834062312484e-01 7.828056686835802580e-01 2.139229677680700437e-01 2.215031031269147910e-01 1.854984569063974909e-01 6.735590236946432940e-02
7.957087846034316403e-01 7.004600965031040349e-01 7.079653495864137724e-01 8.539424986781413152e-02 2.701029479589437399e-01 6.564330627233372351e-01 8.734469861661539047e-01 2.049390777147016285e-01 3.050448651412498435e-01 8.814252900718555495e-02 2.406260793437393353e-01 4.344693818932260920e-01 -1.464441018168912909e-02 3.679441909362121121e-01 6.268791257082835244e-01 1.385810033835014610e-01 9.729464778015296522e-01 4.685174685490273716e-01 2.586437617160636804e-01 5.462236431145055249e-02
1.759717416284349856e-01 1.330005341925049878e-01 8.380427900223988980e-01 1.954012783059763114e-01 5.262365034996571156e-01 7.523687464080285325e-01 7.946017277163760495e-01 5.168326103780053193e-01 6.640982295784298994e-01 3.550127909831190531e-01 1.775441789989371522e-01 6.090017034803578422e-02 2.943948140164043825e-01 9.503385776738865198e-01 7.158313105127460663e-01 3.618109875385992491e-01 4.499065030247547115e-01 3.270914848081452608e-01 8.994284527106839455e-01 2.615200442828790606e-01
3.063476706544541184e-01 1.970629024073305702e-01 6.093365553024379100e-01 5.267688269069472629e-01 2.112110158052155628e-01 6.323183071997769966e-01 8.874255062707009367e-01 5.022299456364216486e-01 4.795344366013110093e-01 6.327915422425767211e-01 8.865766696819269432e-01 6.098829568205215356e-04 1.605093805722907982e-02 7.923807217741339892e-01 5.692278818224102421e-01 5.702620165437657374e-01 6.374952703762361284e-02 9.093272697120526882e-01 5.917750886268572375e-01 8.770960743803168924e-01
7.590050215966032132e-01 5.334302102472429086e-01 9.670380546900909646e-01 1.537849933790184642e-01 1.328437901947939759e-01 5.781842111442890841e-01 6.897955154080762652e-01 5.926842151309249518e-01 7.003047483757172120e-01 4.941656408850507165e-01 2.542930526889318199e-01 9.354637822299712857e-01 3.531243911654698975e-01 9.254130567385133732e-01 5.713964841956767904e-01 2.948937272627610851e-01 7.793053881176862374e-01 1.193437195243974430e-01 5.074861304949279672e-01 4.912133535036286025e-01
8.995919078772022237e-01 1.710985432426672392e-01 3.920964402516758929e-01 9.288222746891510173e-01 5.313711509029961366e-01 5.309933552450475658e-02 1.486820255294767634e-01 7.413828424030433073e-01 5.310608376393739505e-01 6.194004718686171307e-01 3.498418589357610298e-01 7.162636382408468227e-01 4.028279362648890527e-01 5.334779578620587603e-01 1.269423970750141462e-01 7.064424044789275881e-01 5.431961874293409487e-01 1.887165634989344809e-01 1.467482014416802982e-01 3.614037246672930359e-01
1.041852220950892083e-01 8.413423586012380717e-01 -1.927685823791350922e-02 3.103194153148761125e-01 3.497980960853092625e-01 7.528055961622541759e-01 4.784557475475403332e-01 1.429372543916480331e-01 3.918968302185060759e-01 8.137681512229901770e-01 4.191846424733637333e-01 4.575294438334164826e-01 9.405163643166413179e-01 5.882326807003410707e-01 -1.634257116438788890e-02 7.728489421311077745e-01 2.810330003757004480e-01 7.676184071834785128e-02 5.446069669725119855e-01 1.582484520105806869e-01
3.334394422909819911e-01 2.805787358482860205e-01 8.222652686149786172e-01 1.356719147200637077e-01 5.841009646062190752e-01 6.102224551887251991e-01 2.442220244630100290e-01 1.343981140186129852e-01 5.801731798937873608e-01 5.822478017349931312e-01 8.624350519851339270e-01 3.765722186304135688e-01 6.780271418470109612e-01 8.991577400292585232e-01 4.051380831476892319e-01 8.340379585653786565e-01 6.567514314350640925e-01 6.205500154908867305e-01 8.125348595492390968e-01 2.464543795775802348e-01
3.252403824945593880e-01 5.567095130298612693e-01 1.088803598541006612e-01 4.614011538400673018e-01 4.342336133056298730e-01 7.429495617753564263e-01 3.156822341024635992e-01 9.600825434286754112e-02 3.073933590003368743e-01 5.023391692139830278e-01 5.987725546299117463e-01 9.380402296634515746e-01 3.597279619184914901e-01 8.633991288927476138e-01 8.558968914161526609e-01 6.570240192059254580e-01 3.682754803416008471e-01 1.731075089283634350e-01 7.141962973787346902e-01 7.260882779347478388e-01
4.241304000695974574e-01 5.713175399836989410e-01 4.661544974250126927e-01 4.634363565009007591e-01 4.799602559296667903e-01 7.329962331894961380e-01 7.683554420067538748e-01 4.315817715145074396e-01 2.272439126238278706e-01 5.329773900627178262e-01 3.014539358118829560e-01 4.262197893485758504e-01 7.282137605537101210e-01 5.137295378709524352e-01 5.769018449662562942e-01 8.705096393794787835e-01 9.956377861281219543e-02 6.307896457880778351e-01 7.409520453404585538e-01 1.325261911688175309e-01
3.229812367063215062e-01 7.409268732178553307e-01 4.147607309578953960e-01 9.743886196829215640e-01 6.561310710834765414e-02 3.849856987819285509e-02 1.943476940197525760e-01 2.410671896668027669e-01 5.679625226731019882e-01 5.587174618295400741e-01 1.219576307141311267e-01 9.477610896565951126e-01 2.539893683576353589e-01 8.840974288107368295e-01 2.039572906088865656e-01 2.630912308752829665e-01 9.505276198218559625e-01 2.073692040788487345e-01 4.252127585284424249e-01 6.987086544313090286e-01
4.697719308212747746e-01 -6.715220267270806398e-02 2.380847271648668939e-01 9.061763220040644495e-02 -5.658871573804603872e-03 -5.689449201771258624e-02 4.965390440990033460e-01 5.763775743359007553e-01 3.792312217567884725e-01 4.302805505183296408e-01 1.057196343142005279e+00 3.133270468257795538e-01 5.895386169513020524e-01 7.979679739519803805e-01 2.859434377381315784e-01 2.457164351399173663e-01 4.184665330974301489e-01 8.087563883897456174e-01 3.789403543904774074e-01 7.928642439924816765e-01
5.239480869825251241e-02 3.598352541664216475e-01 5.159746332753051279e-01 8.016536890211110045e-01 7.982179317940452101e-01 2.996417275726395713e-02 7.667060178212701249e-01 9.066326788431192663e-01 2.156154705673384853e-01 1.015372055762070458e+00 8.894685428629564017e-01 2.186762693342788333e-01 3.135392606058746701e-01 1.113863263871163051e-01 4.879902089223949746e-01 8.162972474737192341e-01 9.191202970778185044e-01 4.494309634977018963e-01 4.151513359228006239e-01 7.203075578586507488e-01
5.365277548742504177e-01 1.305247970592211815e-01 4.092464715850410717e-01 8.181056010565648101e-03 5.267660602511845536e-01 2.852100542947976769e-01 4.148310636295964027e-02 7.545148813679407596e-01 7.263842097446872037e-01 2.310204133565668394e-01 2.592270917830592075e-02 2.207500559927691730e-01 2.811483040075204998e-01 6.161716748161736312e-01 1.262952749459705648e-01 1.383324657108694206e-02 2.883982355201301639e-01 5.944649572746801836e-01 5.890656255708668354e-01 6.653596505807864991e-01
8.547804195633571522e-01 3.436736776418160277e-02 7.247297902294520533e-01 4.095959745043110667e-01 5.419493982231246010e-01 6.137609570025458483e-01 5.636544796656485223e-01 2.021811711273516499e-01 2.660017133785520516e-01 6.544450501169023493e-01 6.010440906218779133e-01 2.468587803272134507e-01 4.804629006733501795e-01 5.435338977370536284e-01 2.409932669040719677e-01 8.607982377122229689e-01 1.011187171414871244e+00 2.748386025302728131e-01 2.173108659867682146e-01 1.671186168990462240e-01
4.480646928978932464e-01 5.138570329907847789e-01 4.965241157531650185e-01 7.235233588866653021e-01 8.467427964583152944e-01 2.630214264383796130e-01 6.667619361839102199e-01 1.132443592235074688e-02 6.656643040346289508e-01 8.826571717890147051e-01 8.681866647724104658e-01 7.016672475771587036e-01 6.003129445360718686e-01 6.725736659145351570e-01 2.698384216150312986e-01 8.663723893630022044e-01 4.416360969753827526e-01 1.442988194503806165e-01 1.453628503602732158e-01 5.328028473896557760e-01
7.962177282581867077e-01 4.224859165801517213e-01 9.919590827339455075e-01 1.035357120491332966e-01 9.788099905344996854e-01 9.435007450793124750e-01 7.967184647504684802e-01 6.836913723714888036e-01 1.205666001551596866e-01 4.445745795793314969e-01 3.272357410337468075e-01 6.442943391389099883e-01 6.251467733696143281e-01 7.910755953645151051e-01 2.376258619492242208e-01 1.422764428565223560e-01 8.345641465355468913e-01 4.622432045327176109e-01 2.308373920159834392e-01 7.035688887864891550e-01
4.847873753761079429e-01 1.756355181636373164e-01 8.939029841117643871e-01 2.162171571478941068e-01 9.041098231902515714e-01 4.273860263310066410e-01 7.327512041998205383e-01 2.345280056260924950e-01 3.651248289527747048e-01 6.151577592026644670e-01 -3.408823169872856468e-02 5.867994834918939251e-01 9.477579905471437138e-01 1.486400028574292043e-01 7.162143555604555401e-01 2.326949564669620607e-01 3.839295775498395846e-01 6.392108336759627640e-01 6.391046707876670840e-01 1.959742979851332445e-01
6.336631303846853580e-01 2.815258889622009042e-02 7.688811690944622468e-01 6.441775385449907132e-01 4.332057890321543980e-01 4.141823382963830125e-01 9.585920344609683008e-01 7.644584117855141026e-02 1.900302805616730928e-01 3.740376471461678842e-01 7.976724649834663339e-01 3.123256184740758612e-01 2.792033985373403721e-02 9.263812217518322401e-01 2.573054608015635791e-01 1.878376417280835931e-02 2.844474996300522252e-01 1.194756835103520376e-01 5.309861996610453216e-01 5.053381500288088857e-01
7.419756114098438049e-01 6.727719734624608705e-01 6.382311229430647215e-01 2.612031972700832316e-01 2.072404705108009670e-01 6.456004614467105718e-01 2.698447189275775537e-01 1.392501572425082490e-01 6.640778173471943990e-01 2.001577057597971887e-01 1.807756836076087059e-01 2.755653526012845633e-01 2.936790427275665638e-01 2.367474959472926771e-02 9.349223740475032240e-01 1.137481888091009363e+00 7.082061451949506203e-01 4.887570470249451571e-01 1.923933044435443829e-01 7.675469127678772319e-01
7.126892326431046865e-01 8.159829855692602996e-01 7.889547628537770807e-01 1.270114935333351569e-01 9.205282684542485105e-01 3.398995393652319841e-01 7.497725616131963033e-02 1.017868789678348651e-01 1.059543230698791527e+00 8.043497275196319629e-01 1.250747717375490231e-01 4.778834077502619460e-01 9.739492137794042437e-01 5.517462173285481164e-01 1.087678527060888523e-01 5.034419495234691627e-04 5.573064557565823307e-01 9.622708845981772230e-01 4.985407724010184061e-01 4.206598326264040510e-01
2.097370998405844178e-01 9.637037233622968158e-01 2.640171148126929657e-01 9.388418256743612522e-01 6.559143966405783788e-01 1.743255787360906972e-01 3.647077726343500026e-01 8.448158473486707676e-01 1.715082749104510917e-01 -9.201335825583760800e-03 6.622503849896966832e-01 6.250624960802509955e-01 1.634274177349708257e-01 2.407840255242463534e-01 -8.020397908918683663e-03 9.433422272462867186e-02 4.220477155390228718e-02 3.276756647960114566e-01 3.002874964330590757e-01 2.799424460242436741e-01
3.158479304832621515e-01 8.027589646570627568e-01 1.550527081606112023e-01 5.135644001592203356e-01 7.159837086118854277e-01 6.399030614024148189e-01 6.853354233022633524e-02 9.909063361560405125e-01 9.454225054989979782e-01 2.475402074722473922e-01 6.298045568450404419e-01 8.365083528537525792e-01 8.366736879131417837e-01 8.227664126535938482e-01 6.285767241103933367e-01 2.564832496243255044e-01 -4.966455768963251409e-03 4.038247772698667082e-01 9.819703843182628900e-01 8.168411582067032217e-01
6.652446236208779673e-02 8.050254915264414279e-01 2.376672466433064068e-01 6.791474378679343005e-01 2.880585892499808454e-01 5.509299189577182565e-01 4.064552791075007332e-01 9.749140261066571167e-01 1.643812131575544122e-01 3.055236835515681704e-01 7.708419040522067611e-01 6.758276356865104972e-01 5.789523706421525473e-01 2.573888868790799589e-01 1.492059142309636044e-01 2.070670284824891183e-01 6.800956133723141672e-01 8.209979541058421981e-01 5.574377985753712350e-01 1.048200555217549512e+00
7.408391981661687220e-01 7.510554105452951212e-01 1.501087564550105669e-01 7.706722360336420996e-01 1.516665361507899823e-01 7.031360360405719545e-01 5.987314191155587162e-01 8.264305116643859694e-01 7.824235419398190006e-01 5.797164450713497841e-01 6.883616810382710005e-01 4.656584015957122569e-01 7.349431297848244005e-02 3.113275893366100333e-01 7.760614885397171259e-01 6.182141491189444560e-01 9.522117136885573097e-02 9.889933992518603612e-01 3.824205643724217230e-01 8.040577497085867886e-01
