4.021776345376468775e+00 2.034778141741677704e-01 5.226316061526598000e-01 1.558428731804752942e+00 1.774183623090214823e+00 8.465851703184545940e-01 9.198690315049107280e-02 2.862015960656872693e+00 3.912128649936124525e+00 4.307694140172690034e+00
4.697816365584483123e+00 3.979296837922386310e+00 2.648610055842486766e+00 2.387675385363269287e-01 1.800553980267007415e+00 2.114075946745344936e+00 3.747057900915983453e+00 2.537857583695186214e+00 1.302620704347257075e+00 3.597447784092830947e+00
1.482850170408521073e+00 4.037696675689590897e+00 4.541518750833335005e+00 4.810753121727301407e-01 4.424870237834830355e+00 9.354366264143471055e-01 4.814065411662403093e+00 3.647805896525440073e+00 4.469161754337319437e+00 3.878114654468755695e+00
2.170431722691972265e+00 4.490467122321769367e+00 2.213687607556966253e+00 1.452465384399354020e+00 4.579283001025667765e+00 1.046845426859363659e+00 4.758892331142133614e+00 8.889046927637589413e-02 4.052702576114564970e+00 4.128260930221868463e+00
1.189134780477466569e+00 4.603997597098507200e+00 2.323688080215077001e+00 1.910766389688312028e-01 4.312030528220806680e+00 6.015161912379141107e-01 3.166184672543386647e+00 2.237637349191858416e+00 1.820479569908424633e+00 1.252009878399710230e+00
1.099116344107278209e+00 2.696419310951503334e+00 2.482081066166943462e+00 9.838622268712254870e-01 3.773922042055835480e+00 3.441430559304840209e+00 2.937804171880284088e+00 2.720880459312967403e+00 4.985271155228994999e+00 1.045407409476166727e+00
9.911606860898969362e-01 4.933432023015828172e+00 3.636630125979869899e+00 4.900690692269666471e+00 8.782223419566981271e-01 4.103527134464785009e-01 2.161797822538724656e-02 2.587687850257836431e+00 3.178240961816966692e+00 1.956750951364043978e+00
4.556113994599642059e-01 2.502856203979053618e-01 1.341273174537715995e+00 1.146396768778733533e+00 9.927636191446964631e-01 2.004707028681657066e-01 4.689542115129962774e+00 3.724957527038019744e-01 3.786157265184684206e+00 2.477687619841375533e+00
4.848252129402188082e+00 2.066983865839182588e+00 7.198101840762932691e-01 1.438965950322168563e-01 7.552030778087326368e-01 3.859670650418502991e+00 3.529174451448673366e+00 3.144943429528530121e+00 2.007821907708440268e-01 5.126519066061602237e-01
4.529320175063803688e+00 2.350326992974044460e-01 1.435293319753212060e+00 3.314687460850420653e+00 2.302185409388908255e+00 4.467998344929283938e+00 7.675346209095473826e-01 7.384767975676570506e-01 1.253287217682941268e+00 3.477942433149139312e+00
2.997126653753899639e+00 1.923866039099810799e+00 4.119845329624110875e+00 3.421047028114529986e+00 1.723431556477812876e+00 3.598768802005027911e+00 4.877979585954782316e+00 7.928579438782296096e-01 3.220757954359331876e+00 1.683568760919288421e+00
2.274755310055525115e+00 2.776161853917104683e+00 8.749994561658436254e-01 1.990726928595678569e+00 3.894397716702344248e+00 3.400750455572386421e+00 6.561908830197182851e-01 3.996531640533087071e+00 1.816051898685068888e+00 3.295767926057322494e+00
2.825545784603597177e+00 2.961072975113514971e+00 2.202005514805918107e+00 4.645934981435738464e+00 3.474198069866762939e+00 2.141826490245326564e+00 4.339598239256003076e+00 1.654266326156572209e+00 4.348682217211315759e+00 1.539558854567513624e+00
2.683064529256346198e+00 2.570661830769028100e+00 4.593590073293020382e+00 2.751510647651347785e+00 2.658379195454332322e+00 1.018157106491413444e+00 2.671378156164138762e+00 4.060573352859121243e+00 4.774497979427916317e-02 2.652279421825301853e+00
2.219865681349314501e-01 4.671337301502100026e+00 2.014667653992041618e-01 2.289186208147934831e+00 1.124898084269437160e+00 3.100255964801911013e+00 4.204025015287057521e+00 4.642984113292442316e+00 1.577173901143425372e+00 1.451006590724498446e+00
8.986304112513909814e-01 4.070181032940681121e+00 5.847419399725678479e-01 2.508218239469594657e+00 2.276591354279333679e-01 4.002939911856289612e+00 3.835370459877784022e+00 4.675811798554656562e+00 2.097889067104213856e-01 3.827877122764711704e+00
2.868540163640146190e+00 2.844883939141928497e+00 2.049118812181823124e+00 4.476181962643712708e+00 1.646534939764328520e+00 3.669225497545749448e+00 2.522555028719122738e+00 5.142886213007741292e-01 1.054326463935209457e+00 1.326319449532236572e+00
1.432545225349175944e+00 4.028476360585312221e+00 4.912810334129995127e+00 3.923120028525278080e+00 4.503557841268658102e+00 2.332608695225620199e+00 3.719141395610471967e+00 2.410785233382896742e+00 9.062025463473899478e-02 2.184850266749806202e+00
1.333766539828175723e+00 2.236253956346724081e+00 1.757553300105398453e+00 2.311690017868162084e+00 4.673073044207955995e+00 2.250871479380135654e+00 3.187438550524044789e+00 2.994776580541271827e+00 3.071390481796110183e-02 3.105895318389333859e+00
2.853649003884232371e+00 8.631070488048248057e-01 3.344765672497780784e+00 8.405434709748521582e-01 4.237396961421144859e+00 1.408215790677389112e+00 2.368909531986152395e+00 4.302797232816296003e+00 4.045161084916164995e+00 8.052725685284173318e-01
2.529433378802905086e+00 1.836221697591131186e+00 1.469034925487866516e+00 4.748503873231155303e+00 1.820214140884210519e+00 1.567306367016690904e+00 6.536092373085944374e-02 2.747923946383453497e+00 2.122687650462833364e+00 3.280984885606315071e+00
2.884527877959387254e+00 2.336918047950120592e+00 2.459175415945495047e+00 2.400661194815607580e+00 2.358433582038312881e+00 3.838226242984132064e+00 4.326287909435161616e+00 2.791938154604945321e+00 4.464595366068794036e+00 7.708317191984620509e-01
1.679797870931683423e+00 2.938214232485669264e+00 1.672311250074023814e+00 2.855669432199055002e+00 3.945371329567974872e+00 8.856569261356733724e-01 4.989092249612559371e+00 3.317662436731882103e+00 4.927903270403965585e+00 2.558041400506567253e+00
3.641042045170590491e+00 4.374514238066225857e+00 2.577362855448639412e-01 4.921048781027968388e+00 3.652291271233894410e+00 4.275640571758818176e+00 4.196060111576303875e+00 1.430992738762771221e+00 1.629244848265186674e+00 3.035945676568341245e-02
2.306011022997258575e+00 2.283518712450715693e+00 3.643197600015124493e+00 3.780582794922374035e+00 1.101383160349020507e+00 2.391673688834687450e+00 2.304466164596942868e+00 4.281027082320527199e+00 7.080843902715000526e-01 1.278815441676824927e+00
5.352091043504680901e-01 4.277602464092441714e+00 2.445299457017566347e+00 1.244131597435197412e+00 1.593123382483484507e+00 1.695869215687862974e+00 2.015113735086937030e+00 3.515925454265469874e+00 9.580943896173366170e-01 9.339596188078708172e-01
2.266891145766327664e+00 3.565164431853679039e-01 2.727153054856532588e+00 3.385414475348257568e+00 2.822197367482107033e+00 4.272200142553694846e-02 3.949376236362968307e+00 3.464106653612630815e-02 2.223387728019194043e+00 4.436391143734282672e+00
4.478131262841355209e+00 7.793853704065228927e-01 4.129659256808836609e+00 9.785276695169004002e-01 3.984717910753341030e+00 2.753629701634818350e+00 3.908091648019017761e+00 4.836396507750332141e+00 2.722215109062620542e+00 4.428864542665190918e+00
2.492937882391110804e+00 4.680565562832430970e+00 3.722369294435110998e+00 3.188634288070353318e+00 3.461096798476277492e+00 3.912736222347199533e+00 3.142109366865080133e+00 4.406596962514747418e+00 1.533723342791557531e+00 4.760217501351393654e-01
4.677077482463060321e+00 1.294362884101615263e+00 3.302503201651684428e+00 4.627435321707655369e+00 1.713095965170831736e+00 1.231992452952740402e-01 1.965882769851667433e+00 4.841227935395523652e+00 3.037321286704369738e-01 1.553102386876039187e+00
1.131144730904807272e+00 4.126541932999803208e+00 2.795595737350311527e+00 4.750116066331781184e+00 3.049057762623034851e+00 2.772015199040795075e+00 4.102676376173607586e+00 4.719223676632047670e+00 3.075828846459453203e+00 4.857686211023787948e+00
2.454458218392447044e+00 9.722181378561511877e-01 2.851106140253317989e+00 1.194250112046055801e+00 8.276536769987891118e-01 2.462754801530453452e+00 4.373485261503646804e+00 4.904867454813174987e+00 2.755211611214455125e+00 2.728017701656615390e+00
3.407353627364051452e-02 1.299335022097055647e+00 2.328986035462973447e+00 4.236143571050235757e+00 4.653698976940823684e+00 4.549724014981106457e+00 3.153287771236948700e+00 4.341544251792077702e+00 3.414502087188438395e+00 3.702709697825587565e+00
2.459022990669188502e+00 1.397150018667676186e+00 3.493924406556037088e+00 4.016496973878310506e+00 3.602288989812413966e+00 2.504484320556001009e+00 1.347384370068911874e+00 2.344094378708718729e+00 3.566366375848478931e+00 4.162711728135815026e-01
2.732203087309216016e+00 2.779130379225097869e+00 8.086385369957277414e-01 2.486982440875493694e+00 1.221172602835132626e+00 4.842250438529718259e+00 1.072012642914399461e-02 1.079978379209224348e+00 6.678550090856050225e-02 6.231073466126824112e-01
2.581503274363960543e+00 1.573958144110582102e+00 1.513612152448806647e+00 5.785445717081894035e-02 4.346250898261521556e+00 3.527435351439200950e-01 3.955064519652164545e+00 6.577146330976640920e-01 3.730381857031344062e+00 2.128533537917713936e+00
3.065776188592673535e+00 4.455739872351572650e+00 1.687239626638414869e+00 3.803814601064908762e-01 3.236178744348801484e+00 3.077867812947679305e+00 8.478642325633040100e-01 1.324378008252776739e+00 3.481319943965667463e+00 3.857429183879299561e+00
4.364981146553072122e+00 2.576760863048490169e+00 3.392092809795351549e+00 6.586323235466928772e-01 1.787100270711691863e+00 4.160928678250598090e+00 1.107189984608645261e+00 4.431272212003605659e+00 4.189694900735748462e+00 2.228119300178349471e-01
2.071679290683366759e+00 8.063633083874277574e-01 3.936272699087895344e+00 2.018525815824990133e+00 1.997818818356267734e+00 2.712818835913784810e+00 2.513144083377915727e+00 2.002455979913424056e+00 3.057490874672716519e+00 6.536443038774369940e-01
2.684672174094795416e+00 2.745259307635677937e-01 9.834709202566704889e-01 4.683331123583402089e+00 4.432375007469077310e+00 3.437914214191851947e+00 4.962157707800801454e+00 2.357098309120222446e+00 2.863203626777177213e+00 4.356910854230673813e+00
3.479284712794515677e+00 4.673687350382343730e+00 2.322434572496707261e+00 1.868365142782130173e-01 2.354906846259584796e+00 1.464856651544754751e+00 2.266964020942245917e+00 9.079111639628284491e-01 1.217834571661323695e+00 3.626395210764810084e-01
1.389484899399350271e+00 5.474196170838269149e-01 3.509377899090260211e-01 1.304876700404614676e+00 4.667317942699961364e+00 2.570764577558731778e-01 2.105183669620788400e+00 7.596006085615125691e-01 4.401187902926210427e+00 3.139912879437124715e+00
1.574497620137249587e+00 4.011666463411412309e+00 2.072976487379789123e+00 3.449237660579437925e+00 2.921317295559515248e+00 2.525286901185819222e-01 3.981435666017459241e+00 1.782348388667749806e+00 9.997615126757808390e-01 4.334080696341880312e+00
1.739164852829670593e+00 1.534155295177726419e+00 2.027595440424832418e+00 3.084927926608810989e+00 2.277135311860160716e+00 2.281329220646045819e+00 4.932503539955250815e+00 4.991625405980319563e+00 9.104294283907682361e-01 3.748955318165416273e+00
4.694568077335744327e+00 4.155138339182795626e-01 1.622944246084118136e+00 2.669277860216372922e+00 1.867822662170375292e+00 1.086085404353176020e+00 1.093761658070721010e+00 1.156467749060269945e+00 3.952952402981539937e+00 1.849810011728305614e+00
2.407510863490523789e+00 2.876510672755542508e+00 2.930784625802757226e+00 2.352241869124815921e-01 3.267573536461583661e+00 2.704774750239777870e+00 2.815774571751472610e+00 2.460417314881396145e+00 5.501397494691362411e-01 2.188405701659895897e+00
3.477305448789660858e+00 3.765481969239134585e+00 1.695850400566342175e+00 1.805059064802080337e+00 3.334217127699228289e+00 2.615933543952634999e+00 4.045211262588812140e+00 9.251045563631221658e-01 3.242039663212102241e+00 1.734171920996916416e+00
1.753075910792986081e+00 1.202152844147730271e+00 1.530447427352213952e+00 3.685957442636457859e+00 1.134058868939933795e+00 2.244439046744393984e+00 3.428259476642978143e+00 1.249446691569122692e-03 2.470983648775760599e+00 3.649823766118093005e+00
4.739927005676610960e+00 4.063732158533680305e+00 3.847209345823270343e+00 3.481288636111096846e+00 3.346504058324835551e+00 3.463990130749639018e+00 1.706745500225093526e+00 1.538596530140338814e+00 2.433990293293836205e-01 8.681427661332152823e-01
3.561332982002711756e+00 3.778605186655537462e+00 2.422204048628210593e+00 3.704363439760217425e+00 1.415492902894641691e+00 2.460063496396242222e+00 3.726631651961161751e+00 2.019717911097528962e+00 2.465871722742994265e+00 4.514859321630616762e+00
4.415076273983055799e+00 4.437542278705573828e+00 2.478918707708610558e+00 4.810847574062027121e+00 1.444493465028028334e+00 4.475866985059491654e+00 3.435701826018841665e+00 3.149428869680198639e-01 2.349605414115441882e+00 2.191088000777075440e+00
5.569292986259916090e-01 8.359554970561244858e-01 3.296589347872460607e+00 2.628249143344713712e+00 2.668549181446039142e+00 1.561860319571111599e+00 4.824028487184484959e+00 3.624370652543351223e+00 2.891265142873487015e+00 2.162214741542091367e+00
2.877058575759409820e+00 2.700089742426070583e-01 1.361054012343855923e+00 3.857742801216052619e+00 1.919854979551532281e+00 3.888571621127123290e+00 3.203226358726302792e+00 4.774464174745187250e+00 4.842882799576841979e-01 3.139991639695044467e-01
1.054483307914843015e+00 4.202855809949874732e+00 3.746835792498030671e+00 4.374949508223047179e-01 4.930386118839097165e+00 2.738604048861345674e+00 3.933496123476732276e+00 4.442625765533231297e-01 4.591878097671716397e+00 1.979365907984133699e+00
5.834227961703614129e-01 3.977372908394481321e+00 8.181137366777685438e-01 2.627028890871457190e+00 2.715749155342178867e+00 3.124282784504635480e+00 2.950549082564363879e+00 6.610141729780372177e-01 2.126879581092499638e+00 2.376146786896805807e+00
1.705450769545506784e+00 2.524200466276383281e+00 3.902111514613007870e+00 2.444447283826614470e+00 4.213115143868718881e+00 4.709067328125998486e+00 9.565955175232615515e-01 1.942941967686646176e+00 4.886674452497447696e+00 6.250787712338706781e-01
2.913451067954478280e+00 2.570763984917913803e+00 6.243047217541325411e-01 1.745727648050696690e+00 4.812626599854246123e+00 8.278979347036402592e-01 3.509543506464471552e+00 3.628068222575710600e+00 2.933279486150890847e+00 3.986214112567038725e+00
1.949425385068011440e+00 2.148693447272171042e+00 7.201443503558896397e-01 4.659756531245709432e+00 1.821122488073227519e+00 6.422333928698797934e-01 3.245012790342874265e+00 4.779414150681135176e+00 4.569779546152686223e+00 2.227898628141157911e+00
2.419772708350814039e+00 4.801001238581687147e+00 3.950516821704590509e+00 1.296003293990434901e+00 4.798941579254504042e+00 1.788199769281795248e+00 2.060756259528962353e+00 4.932719127025853023e-01 2.622597849885021759e+00 4.538930539302268308e+00
1.769063214788307858e-01 2.109990150149326560e+00 1.356925254428215100e-01 4.928177099066214595e+00 1.018759882224860469e+00 2.166708988349446141e+00 2.912919351768724852e+00 4.370911130711735426e-01 3.567737687395493573e+00 7.893618243712358096e-01
6.365663369582835740e-01 2.991165715046143703e+00 4.705553261581368218e+00 3.937648241956694939e+00 4.204718887735390709e+00 4.180991576911926799e+00 4.472799438607925282e+00 4.591957094936400807e+00 1.697471548254272822e+00 4.000882850818411107e+00
3.240079914771069713e+00 2.333164011812845384e+00 3.871432997728387448e+00 2.011241089584190789e+00 6.098564281714818902e-01 2.460675364943421428e+00 4.381971130223340616e+00 3.291544003586901912e+00 2.706053167271966320e+00 3.967383822426804763e+00
3.477945703476331696e-01 4.997978193756697607e+00 4.325666572615645578e+00 2.469335679672977069e+00 1.353983097809421388e+00 2.865013753237164451e+00 2.133742975819805210e+00 1.917563168336676727e+00 2.644740050063877135e+00 3.931951488109079129e+00
4.107253520971939409e+00 8.121448618500659578e-01 1.750873046380629905e+00 2.527404053966899156e+00 2.242250937146977874e-01 8.949103797127394566e-01 6.228490245610268650e-01 2.108353281080634911e+00 1.404037875518032052e+00 4.977944097244606070e+00
3.912401189850500671e-01 1.079860097402202790e+00 2.552277587118992219e+00 1.564033236775376201e+00 3.925455873865505652e+00 1.234330864651090209e+00 3.959410143425529105e-01 3.513437229797431005e+00 4.102675375203420849e+00 2.409484308839904720e+00
4.724191739698756720e+00 2.545055286926400484e+00 4.400906918117961197e+00 2.735549766536853333e+00 3.639560362133149152e+00 3.462000895392069566e+00 4.644148835079422000e+00 2.845424802000191988e+00 7.333347410108370656e-01 3.643880529850828776e+00
3.434913255058168247e+00 2.817329368117856170e+00 3.901770170407897087e+00 1.784432798900790651e+00 3.460791734358545479e+00 1.782923532007274936e+00 3.477517537994898156e+00 3.672017058348849172e+00 3.269375328812756720e+00 4.182169758467133569e+00
5.393721548325441928e-01 3.819910540194479953e+00 1.211018242701274339e+00 1.222034000299950796e+00 1.321389275570594268e+00 3.949084054695875423e+00 3.807510829332817259e+00 2.883089160050232636e+00 1.854233200579334273e+00 3.739194217422636690e-01
4.758135009024272222e+00 4.838473857067871364e+00 2.311529829696493010e+00 2.063449820906622989e+00 3.284726880476944721e+00 4.362479744839157014e+00 3.399349250384169352e+00 4.299652681895259398e+00 4.599117976768395621e+00 2.882092253548555583e+00
6.270080427939606071e-01 3.181030930666665313e+00 4.091711529097129763e+00 2.040664635317737563e+00 1.306590929668497436e+00 3.478245213888864651e+00 4.332352274927821156e+00 3.116993683529166059e+00 3.344955572585051051e+00 1.098104337328292823e-01
4.557521100347933896e+00 4.938662562995153493e+00 1.877153433833199658e+00 3.750952381210401310e+00 3.991173379131755183e+00 4.194545683139084602e+00 4.357693742769320977e+00 4.634350683151971850e+00 5.941856233871201098e-01 1.782070999202010508e+00
1.665751908347045118e+00 3.387716393547160365e+00 3.702218227638080617e+00 1.064233056672374556e+00 1.252140807208708129e+00 9.381220683898600088e-01 2.592765754393883126e-01 5.771697273169729137e-03 2.687098155127802368e+00 8.788331721664843776e-01
2.214634873124630587e+00 2.379181680354935047e+00 2.495641010474948018e+00 5.716440230475278161e-01 1.693291402017865099e+00 3.065146209247183506e+00 1.179969567944829656e+00 6.449807768462739732e-01 4.773666451780490760e+00 2.630492147971507322e+00
8.950875758766824175e-01 3.568457481281983590e+00 4.674739699225808565e+00 5.729831081657549285e-01 2.001372405101409235e-01 1.756595081130293279e+00 3.735547190825751152e+00 3.301094169401169065e+00 8.778956691774630894e-01 3.550001345091285954e-01
3.633170146148789748e+00 6.906967618318970992e-01 2.668665578506939973e+00 3.941073021978009017e+00 1.639132799105554872e+00 3.650657652848257495e+00 4.113196020999478009e+00 2.979502851360076310e+00 1.488589539973417253e-01 2.830262642137299167e+00
8.998469518042623294e-01 3.708328166767004497e+00 4.110458553694262385e+00 1.847625676125796534e+00 4.806423329490758789e+00 1.250891151410283175e+00 2.870114891226769771e+00 3.852044520270859529e+00 9.159171488011330631e-01 2.994963176904521074e+00
1.152225395729241653e+00 4.842604755882702783e+00 1.537715223277042575e+00 2.320640657354156478e+00 5.129015004843529013e-02 4.975118226085411877e+00 1.895069041865188986e+00 3.062056054444767028e+00 4.391652818272718584e+00 3.199817166183714257e+00
3.834843529273803231e+00 4.534862378555343909e+00 2.364832498594359844e+00 4.365029455629589883e+00 2.971935466854861652e+00 2.517059896962004384e+00 1.748396656121619097e+00 1.686448755706583258e+00 7.364084810309251550e-01 4.999118360001210348e+00
4.025195887436143316e+00 3.288899078777637541e+00 2.647788431420468491e+00 1.475287980206528182e+00 3.758687311525205077e-01 1.225960548819788443e+00 2.240450470731143895e+00 3.169896350780226246e+00 4.849404140466417878e-01 2.974603912974405073e-01
1.783340733137944722e-01 3.611036550026435865e+00 2.243343285796786546e+00 1.912977608949827379e+00 4.925289791302589926e+00 2.090408437670228547e+00 1.791380464062827915e+00 2.575338150401087933e+00 1.540008691105425154e+00 2.143344403569824141e+00
3.575931473547001360e+00 3.900018164570526302e+00 1.044419664262929981e+00 3.595858213863121655e+00 1.887286367735137471e+00 3.460421061841843393e+00 4.465620620060096968e+00 2.796777938366857175e+00 4.876506471672415799e+00 2.019680036328250772e+00
1.097369941771797475e+00 4.386336939076583619e+00 5.371452430733619776e-01 4.633255717784651173e-01 4.881623541188405468e+00 9.908465031594632100e-01 8.983435936252665011e-01 2.064204730859075632e+00 1.411186857543867301e+00 2.171971632075754943e+00
1.791618075552213085e+00 4.347738229163450319e-01 2.954458391892462732e+00 2.734136351278861454e+00 1.525373621127704693e+00 2.311986824973599752e-01 1.153674743760596533e-01 1.979364227159944978e+00 3.415709556938471003e+00 4.787605769996857497e+00
4.057403072602845384e+00 3.263086119457131451e-01 4.557987094699777586e+00 3.518273526321070932e+00 1.327476690488424982e+00 7.316313452502609671e-01 4.728845226877494312e+00 4.990364768449103927e+00 3.876211294001851826e+00 2.274296150869456135e+00
4.268285848874548094e+00 3.729240881240444061e+00 3.674634263957006652e+00 4.110318692629020276e+00 3.231739918723789629e+00 2.694676636320547658e-01 2.018511680653903184e+00 4.682550350722418209e+00 1.418439015066215614e+00 2.936947929632198750e+00
2.258992315575601317e+00 4.488164414157775006e+00 4.859578817786230909e-01 3.524949764603817925e+00 3.696059127333212402e+00 1.296815386651033020e+00 4.310120904513621731e+00 2.109903263427118425e+00 9.750951738519147982e-01 3.517269855991041361e+00
3.368318869872868326e+00 3.882021491764302112e+00 1.326727943518224428e+00 3.671483766909738877e-01 3.856609967366196656e+00 3.599486539628162785e+00 4.378096054361517275e+00 1.236078612100502960e+00 2.408214875393101195e+00 4.346327739301962367e+00
4.299461539010239974e+00 1.022003748628131925e+00 5.774875128864653817e-01 3.345603361669408082e-01 3.513663736816508454e+00 4.093388449763232906e+00 3.364994542683683143e+00 3.632406977948696269e+00 4.422081020573363830e+00 3.976021014111208451e-02
1.237519422440473527e+00 3.387069856317092675e+00 2.252996459028762555e+00 2.430742589390433306e-01 9.790067187077927668e-01 4.030440866514067189e+00 4.632342813652608804e+00 9.791111829816379064e-01 4.936882125083648098e+00 3.174728789650942851e+00
1.401764756556536096e+00 4.857591367680963446e-01 4.352924009372099334e+00 2.252699017399101500e+00 3.524009520018753783e+00 1.222436263563896341e+00 3.227004009680781049e+00 4.579358974806252647e+00 4.581074247085974882e+00 3.585391640849135086e+00
1.065106853135472376e-01 4.783456176471726273e+00 4.825531388762247076e+00 6.198264185458846054e-01 1.210251058102197463e+00 4.868151021000138634e+00 3.406310884277451656e+00 3.041752904127990487e+00 9.304602053944294182e-01 3.011634225045808577e+00
1.227571323264180947e+00 4.888722129215365086e+00 9.243615490242723665e-01 5.393463259166447754e-01 7.632071803289586232e-01 3.012851227547247435e-01 3.124334594930633369e-01 9.189386712839692217e-01 2.575477165882964048e+00 9.554730253124188444e-01
3.914371687575776804e+00 2.903732397576344049e+00 2.107067096477838186e-01 3.628907858829094613e-01 3.713365331746251385e+00 4.503998141331615912e+00 2.711739366806094065e+00 3.945098784950303195e+00 3.422783485573048790e+00 1.659440962874904058e+00
3.590553358783327376e+00 4.567621369848101409e+00 4.174636679495002056e+00 2.897813378845008447e+00 8.468798168130392545e-01 3.289709220456916938e+00 3.640234594917574729e+00 4.559228648400972972e+00 2.487998112196871503e+00 3.657734433244054895e+00
3.668680797151286921e+00 3.189917480186277299e-01 2.580985025035589242e+00 3.388955669687429229e+00 3.550471417472996549e+00 2.090582272910992856e+00 2.563558056691076281e+00 4.513892023270961396e+00 9.359498816334488325e-01 3.481655720257472719e+00
9.015251194453394179e-01 4.003090330520818974e+00 9.346284154931155941e-01 4.951027343733470865e+00 4.078115159111971977e+00 1.027135935138865808e+00 3.204249621946708704e+00 3.150999699364547268e+00 8.016374102959611392e-01 2.261450787424533093e+00
2.072967558083131490e+00 2.276799377104938404e+00 1.309148765394289704e+00 1.338013558962891647e-01 2.713298288435433747e+00 1.700799636124949998e+00 3.163292923828688874e+00 3.285064003665608467e+00 3.112482050896087316e+00 4.403103576806135067e+00
4.062308449060045845e+00 2.499901439980287243e+00 2.740344304246971507e+00 3.112996126568469801e+00 2.287526825576843947e+00 3.938919071651905135e+00 1.697994100976599752e+00 2.296004326676759799e+00 6.934646736833471881e-02 4.001858303302827657e+00
2.943186768066565318e+00 3.351434449393809079e+00 1.138756083942606967e+00 3.374618881631934020e+00 4.010952545735831265e+00 4.764637415157056743e+00 4.652396461621467694e+00 3.498199358006272686e+00 2.402936127404486477e+00 1.913413872263717286e+00
4.008797901198871472e+00 3.969840067805719297e+00 1.114628775688439877e+00 4.574593713320107113e+00 4.411120769375477479e+00 2.047142577534110774e+00 1.323699467936596985e+00 1.589094425423220436e+00 3.406721442814439449e+00 9.115241747436686470e-01
