0.000000000000000000e+00 0.000000000000000000e+00 0.000000000000000000e+00 0.000000000000000000e+00 0.000000000000000000e+00 0.000000000000000000e+00 0.000000000000000000e+00 0.000000000000000000e+00 0.000000000000000000e+00 0.000000000000000000e+00
4.885897897775013377e+00 3.992702323623562588e+00 2.546225342629756749e+00 1.265284121251360749e-01 1.632766526805290441e+00 2.095781400471380618e+00 4.132054101793580791e+00 3.165676063159201359e+00 1.414807261448214781e+00 3.606659271968003733e+00
1.942037842770144573e+00 4.140054086780714293e+00 4.789861434283795738e+00 1.171451410355756062e+00 4.713195354926013714e+00 1.137998657090836696e+00 4.353284283400886245e+00 3.976031070004851120e+00 4.169717647959568119e+00 3.943080331287695195e+00
2.530501324449533573e+00 4.424997289918477072e+00 2.214419551954475374e+00 1.376811442850268685e+00 4.348400706591391440e+00 7.672728455650918988e-01 4.733340323092555479e+00 -9.928303712066617603e-02 3.783233283008764936e+00 4.409091360345622768e+00
1.296393456877837247e+00 4.701304737386455379e+00 2.199208337267671176e+00 6.032245536778223921e-02 4.593004779600587284e+00 9.336884103639474519e-01 3.075342580433588768e+00 2.191075254097401004e+00 2.007429437753282198e+00 1.425486100644548948e+00
8.963611647611048339e-01 2.967348632811233511e+00 2.266637125149025600e+00 9.086835830124538882e-01 3.571098491212723935e+00 3.201309853869120481e+00 2.776670509767577233e+00 2.815880277221677108e+00 4.537859203394237539e+00 9.419136924914137676e-01
6.733570773578588797e-01 4.980532925675855260e+00 4.012677267178324847e+00 4.708557434654446539e+00 8.882423306193443224e-01 6.644672410009334618e-01 -1.826234283640038036e-01 2.369608733300513581e+00 3.199414716551861382e+00 1.728750231773496182e+00
3.619737993718315505e-01 4.623350299069162173e-01 1.556070018365931507e+00 1.097106703528609950e+00 1.164053874350475581e+00 2.433701926228965529e-01 4.727577365792480002e+00 4.249306202354284911e-01 3.850123355830469496e+00 2.502258813944401528e+00
4.887436418319643039e+00 2.201967905294886840e+00 9.234844850258866478e-01 3.000601949909206811e-01 7.278119737554030744e-01 3.896996383887806115e+00 3.349406345676497754e+00 3.274648540038489930e+00 9.192723481681167041e-02 4.982015103866582195e-01
4.532588281119747542e+00 5.056123828375601592e-01 1.182031294105067465e+00 4.114012973606235413e+00 2.160617503758255342e+00 4.806505605535754455e+00 8.689636726769660591e-01 8.884447738885608015e-01 1.277210215632291757e+00 3.438665447054861879e+00
3.200630209947514349e+00 2.238524911605237477e+00 4.508050307942122359e+00 3.744915341785622243e+00 2.007102472575069463e+00 3.880281815840310511e+00 4.778050195712358672e+00 9.324262472048930883e-01 2.917406729400271459e+00 1.623625511210138761e+00
1.797364229995948914e+00 2.803734982337797721e+00 6.343469024558171521e-01 2.115607920813272536e+00 4.030040273335466772e+00 3.345092988347110108e+00 7.075771147991654075e-01 3.676321205278404225e+00 1.494641306906783651e+00 3.047823197803598116e+00
3.347184627142491209e+00 2.955734073298350140e+00 2.132517605043333653e+00 4.919398691734527596e+00 3.455061523262413559e+00 2.198028967574124692e+00 4.028155360721647149e+00 1.884350924650188386e+00 4.365800060312873043e+00 1.576484920317992033e+00
2.702557320540892594e+00 2.665546454567182533e+00 4.116892693279389448e+00 2.847690478283606108e+00 2.803749571802915952e+00 7.139517686026572996e-01 2.338326582789837182e+00 3.927331629686495962e+00 7.183278597476346894e-01 2.881970261453469906e+00
2.433300039717952168e-01 4.748284350586443381e+00 3.161409257272677631e-01 2.792041204557103917e+00 7.373436892432890799e-01 2.985753990994267859e+00 4.176174364198860900e+00 4.748769248866750559e+00 1.641462942768680655e+00 1.118363555759516847e+00
6.427579309296805876e-01 4.078068618789343347e+00 5.279999792899011668e-01 2.455445398987190497e+00 6.838562810027666583e-02 4.032045181016948199e+00 3.882559145853845539e+00 4.962478716262244127e+00 5.282976924033012667e-01 3.843190856779822973e+00
2.584715416474725913e+00 2.923517602470411703e+00 1.635855545805320110e+00 4.406507613237065080e+00 1.349256476719698394e+00 3.893398044062019725e+00 2.221836354711228534e+00 8.806220694406845240e-02 1.016890753943902492e+00 1.333839810298911965e+00
1.319518177533375969e+00 3.959157112981186888e+00 5.134961994102261507e+00 3.742408481039334767e+00 4.414219872666688360e+00 2.417090745829380882e+00 3.640188915138756531e+00 2.262820195063483197e+00 3.113227671173102173e-01 2.402754151419405293e+00
1.549370549274705411e+00 1.859595802014178290e+00 1.585917374885823961e+00 2.329851099791339308e+00 4.491798578810231035e+00 2.414838632135629215e+00 3.589521195081033955e+00 2.782612239464512083e+00 4.384225574331895858e-01 2.998880980275631991e+00
3.072491257316696700e+00 6.919025331820756186e-01 3.371803690143515553e+00 1.109064979038130838e+00 4.442313201528715005e+00 1.678800845790019647e+00 2.633116414523109849e+00 4.121813031774969716e+00 4.116447968179018702e+00 9.364896671156648367e-01
2.776410611870263168e+00 1.566492078212253114e+00 1.634037586998005054e+00 4.861953002438679228e+00 2.082468773326684452e+00 1.720274729359680510e+00 1.225633177274217944e-01 3.193527720189933916e+00 2.585024812541319328e+00 3.434663181965755818e+00
2.748156133214523233e+00 2.578435576729675827e+00 2.179878908716461616e+00 2.341466633154317467e+00 1.971685579970134494e+00 3.494061969664655987e+00 4.090816937493647387e+00 2.600819384825387992e+00 4.582054288087642924e+00 7.573445549973804036e-01
1.677026568621320379e+00 2.435814466434824688e+00 1.863019238249344678e+00 2.954667512074108604e+00 4.446297785575470840e+00 8.510107248218776732e-01 5.301119624186100054e+00 3.168105989411552859e+00 4.842655257805901670e+00 2.455748877708483491e+00
3.799469578135537429e+00 4.604200104037690089e+00 7.126603713092780068e-02 4.594640921345749973e+00 4.096176816604581106e+00 4.472580642744259372e+00 4.083269799637339048e+00 1.409403739831175617e+00 2.049581798868964189e+00 3.053880140495990880e-01
2.135225333639919398e+00 2.428217833606357345e+00 3.443191843322432888e+00 3.771164010443712300e+00 6.566261633078792626e-01 2.153412626138894392e+00 2.024662369007609541e+00 3.821638023876142043e+00 4.375320025695327297e-01 1.350354123730761247e+00
6.015642853143378099e-01 4.446109973742471411e+00 2.748853206992137199e+00 1.017569979539071801e+00 1.526024111975867736e+00 1.368317786733433294e+00 2.173331265179028637e+00 3.553154610261969992e+00 1.210457514421314773e+00 8.786801162110380314e-01
2.166235472757583214e+00 6.829881885057917934e-01 2.449473625589942749e+00 3.146725453672288619e+00 2.725887566337688028e+00 -2.095158965994309008e-01 4.251720505250544235e+00 -3.602351333808007650e-01 2.386074397772539157e+00 4.200206660969651118e+00
4.814345880441972980e+00 6.848592206648734804e-01 4.343012048215523890e+00 1.328155973728732508e+00 3.982056322722292485e+00 2.836247979878521175e+00 3.656964139685098925e+00 4.942085641602635526e+00 2.806961821649246236e+00 4.331414288525413880e+00
2.392333384347489211e+00 4.599208977059142001e+00 2.953552545419052322e+00 3.412068674222560993e+00 3.027350726347230125e+00 3.887202233876185353e+00 2.849826299587258749e+00 4.387824300515526410e+00 1.492557091056371910e+00 5.712691334096833273e-01
4.506938447341497955e+00 1.451019755305155146e+00 3.304773193235837070e+00 4.590236386157684478e+00 1.423371009533184850e+00 2.093191384512250175e-01 1.748793098067386032e+00 4.365561476159594889e+00 1.633881978796042078e-01 1.512377922816015241e+00
1.188388087953727190e+00 3.854148990952461329e+00 2.873547840663920994e+00 4.461253017959358580e+00 2.982284008683278032e+00 2.422133441205871929e+00 4.093146036251192221e+00 4.880163783932195187e+00 2.949468337234202764e+00 5.230461342555543958e+00
2.614112666757440806e+00 9.813912389526517899e-01 3.144054928559620876e+00 1.353212968751289491e+00 7.421509135846163785e-01 2.512908413604028279e+00 4.671348076039969044e+00 4.780227755484322216e+00 2.588693045141422289e+00 2.691625247662174036e+00
1.064110776156316773e-01 1.833549968023274968e+00 1.889595343948363704e+00 4.864235242166145667e+00 4.495738261578461348e+00 4.463580869577966403e+00 2.928499022744639912e+00 4.455271318328648533e+00 3.064735044509018458e+00 3.679598979805647652e+00
2.554524862407685060e+00 1.168427578944263745e+00 3.686270820116241520e+00 4.116641303992027545e+00 3.459162554086637087e+00 1.961512362393223352e+00 1.290075670572313982e+00 2.026533243674057960e+00 3.276834965029963076e+00 6.613347269697038566e-01
2.653351522689133102e+00 2.691192576878789211e+00 9.259695838702541870e-01 2.579058546695192078e+00 1.318564011194167218e+00 4.809582369665495349e+00 -2.163545728148096037e-01 1.136638844189632014e+00 -1.209839096804844749e-01 7.443344378363292435e-01
2.480386980886774229e+00 1.808461710586920734e+00 1.459118541446287276e+00 2.922113302169703775e-01 4.403340825015500393e+00 6.648023555670347362e-02 4.124277200609539840e+00 8.931361158271605705e-01 4.122945679391912144e+00 1.836938987586593797e+00
3.184077529200435297e+00 4.206803450100117026e+00 1.546483728535884117e+00 4.058193791301551445e-01 3.067763496566844772e+00 2.542258848730894805e+00 1.041838312110516362e+00 1.383004183138628163e+00 3.641863173897970984e+00 3.827615754067599241e+00
4.407105739635756692e+00 2.261238609641174069e+00 3.639339317733402357e+00 5.453995763397132546e-01 1.755363550962603991e+00 4.363738786645305900e+00 1.242961103954508317e+00 4.286984444984768494e+00 4.307977024839534153e+00 6.863226484464378663e-01
2.015112477256782775e+00 7.155018309257366038e-01 4.006211763680989080e+00 2.222596527179797388e+00 2.028285205337743147e+00 3.214622262758453086e+00 2.088094076523312470e+00 1.772867184954354469e+00 2.894726874720604748e+00 8.146552118874053061e-01
2.890177137311316535e+00 2.136978379243554549e-01 1.021468117924308361e+00 4.546470957756696407e+00 4.225729072813523501e+00 3.505116092709638753e+00 4.938595289834878166e+00 2.075293186685500668e+00 3.066245331427717602e+00 4.259803341808161115e+00
3.742627020763333423e+00 4.519207116841895910e+00 2.088207277247902116e+00 4.588572325113384198e-01 2.316048889098405006e+00 1.505377005336082874e+00 1.791426092398757053e+00 6.404054351255525912e-01 1.057075214027655807e+00 2.366535428139455999e-01
1.378085815180813745e+00 5.345747051485177925e-01 3.328180870703125738e-01 1.542732321885657898e+00 4.490584399949981709e+00 -6.032298484603037386e-02 2.189696488734832247e+00 9.665451496945793863e-01 4.359974191908897012e+00 3.369367956871933245e+00
1.270966484482397796e+00 3.777364758852277848e+00 2.120933470179548141e+00 3.321448846323964865e+00 2.959483105028301697e+00 4.286008213035359393e-01 3.618395865430570790e+00 1.899422918880135924e+00 8.722887431056728369e-01 4.358944055614371926e+00
1.817952558555267384e+00 1.537506737102767529e+00 2.118650712129289904e+00 3.184490032802973491e+00 2.241114414821868017e+00 2.698374921260881187e+00 5.142581734651601622e+00 4.939594691124033154e+00 9.253091853937727151e-01 3.965789552682084107e+00
4.839989345491103379e+00 6.329246635685658040e-01 1.088502853048076036e+00 2.967536618168689966e+00 1.571705571753161834e+00 9.643413489633740898e-01 8.088303759649632108e-01 1.390918844200043969e+00 4.139889621919523144e+00 2.466427790976731149e+00
2.513391854422570848e+00 3.162307075036800086e+00 3.243348766550081752e+00 -8.025575570253366819e-02 2.968520649164823499e+00 2.668484152325659942e+00 2.892662784761384831e+00 2.469564908823835392e+00 5.768581134579191527e-01 2.160624151071603105e+00
3.220316998687806631e+00 3.873495780440068703e+00 1.796229628719647531e+00 1.555080676032271514e+00 3.272716220786239916e+00 2.412464023528352097e+00 3.970326205647867202e+00 1.196317362225318925e+00 3.359271910632396274e+00 1.855230648851965425e+00
1.727297622932562282e+00 1.155787811573457224e+00 1.385602511865029252e+00 3.342866033087548150e+00 9.573646536746986957e-01 2.563246526043880369e+00 3.293944188701298348e+00 -1.935645654450283693e-01 2.290849704610738780e+00 3.427360306424203529e+00
4.629218979312549109e+00 4.006231955388609656e+00 4.070169950403295545e+00 4.192992840163610957e+00 3.563694631355510900e+00 3.474891700763399260e+00 1.505389094443693176e+00 1.136429098661690951e+00 3.310300806422674658e-01 6.302075391318312514e-01
3.702563697784452490e+00 3.727647217245640743e+00 2.406041285204480129e+00 3.697798144136544618e+00 1.503370121264367754e+00 2.629807134871760876e+00 3.579176295539483910e+00 2.093029580767082898e+00 2.571131512242970540e+00 4.420144215435713342e+00
3.798801397281122760e+00 4.381465046692345489e+00 2.324669818122436116e+00 5.016059936316296763e+00 1.443999964836709671e+00 4.718967510732438697e+00 3.076637358581633563e+00 5.639074036453836092e-01 2.357046570827899590e+00 2.520687206059680108e+00
5.802540808881719858e-01 1.234582085034065191e+00 3.126850607166246299e+00 2.650129022069030338e+00 3.154121654726045332e+00 1.546930678502288048e+00 4.882662197757434264e+00 3.876149895683596913e+00 2.632020873087145052e+00 2.034690492351479918e+00
2.649402730401943185e+00 3.797241455508638119e-01 1.369523587318042690e+00 4.091171868627943908e+00 2.116436835133723715e+00 3.797395629031559583e+00 3.132498506313388109e+00 4.600808690010122604e+00 3.723435610595717260e-01 4.349604313989015036e-01
1.490642822731230277e+00 3.979374951315768350e+00 3.798102737378219906e+00 2.825723507431755488e-01 4.640212092732761029e+00 2.773923887959830470e+00 4.086354557420697198e+00 6.595657547145052924e-01 4.711015698985981714e+00 2.242523555678962222e+00
6.772430972218718148e-01 3.922184951546174414e+00 5.215481771801360189e-01 2.544481011058437048e+00 2.717781259731918198e+00 3.222690035061352543e+00 2.744030806582959503e+00 7.855342622114973583e-01 2.281635773201108552e+00 2.587185884349053833e+00
1.617881186488996370e+00 2.867386963572290615e+00 3.932518646775464255e+00 2.368128563518458130e+00 4.146466347859080415e+00 4.579337884544629311e+00 1.171183836485012453e+00 1.818273280239685485e+00 4.746941069286296333e+00 7.951178551589889176e-01
3.133850257533887351e+00 2.084052393106910372e+00 3.843172027871172292e-01 1.866185845976756852e+00 5.134804706092773507e+00 9.009140701854214672e-01 3.303404322429382756e+00 3.692035021763908187e+00 2.931962521190423221e+00 4.384552792346724459e+00
1.994233527883571888e+00 2.003018571659136438e+00 6.059006490219386309e-01 4.783613119102771094e+00 1.465617987652617638e+00 7.069446267217406321e-01 3.195966150556393881e+00 4.625288711150667531e+00 4.506657414890064217e+00 2.209238582456157562e+00
2.522273656726865543e+00 4.870645481709187763e+00 4.315100990630821975e+00 1.333858536665386341e+00 5.026291076986075801e+00 1.798451174357849514e+00 2.110611298344941655e+00 8.046828812865245428e-01 2.657504141077846160e+00 4.459413058856153356e+00
1.159711415302674825e-01 2.146043336450456085e+00 2.054163133951550646e-01 4.652618806872811597e+00 7.908687385233940104e-01 2.421813616063277497e+00 2.592757948651275068e+00 2.784935461425023795e-01 3.555357087182994036e+00 9.960669193592006643e-01
2.995574756928410243e-01 2.877324264452639557e+00 4.689914167350928587e+00 4.003277709771527526e+00 4.514903884756964914e+00 4.223915686259290148e+00 4.106482694737915828e+00 4.755943340983693979e+00 1.478945511368194410e+00 3.684996018988084820e+00
3.082423739957552478e+00 2.194541334954875911e+00 3.877132128030245983e+00 1.841979782552355172e+00 4.807395371517425575e-01 2.445317931860139460e+00 4.401461239159160321e+00 3.420985858587753725e+00 2.664205223395434974e+00 3.679655128246794860e+00
6.112892632331937692e-01 4.626341511525294159e+00 4.663532322881793313e+00 2.374810283772706310e+00 1.471506927126802200e+00 2.699671259725981542e+00 2.111849325526415466e+00 2.236085512453573454e+00 2.467061978547987255e+00 4.000983615053498532e+00
4.120592639463203533e+00 9.602813985608007474e-01 1.989737033313836889e+00 2.483787864468808504e+00 7.860629764157747723e-02 8.382473368856258045e-01 5.093264977057115894e-01 1.833696475526572778e+00 8.872037135638600747e-01 4.647136598138866148e+00
6.133015468160194494e-01 9.959488950010501052e-01 2.482969545208373319e+00 1.225045581538946493e+00 3.887989099048422492e+00 8.217296566510605693e-01 4.897263410000005091e-02 3.352297632938920025e+00 3.980178596925188828e+00 2.354477736581800595e+00
4.646759063753441943e+00 2.247707093120277388e+00 4.223650152685169523e+00 2.806971955782848305e+00 3.342393201890101917e+00 3.502933871918047171e+00 4.437705238134405761e+00 2.489572982249680155e+00 3.730756058499920536e-01 3.648365432170568301e+00
2.973714803524603489e+00 2.977372334579605706e+00 4.006992691810680185e+00 1.530969514628644834e+00 3.555913342429361190e+00 1.719152258434309077e+00 3.638974202719129636e+00 3.580236895918045281e+00 3.462008171933806722e+00 4.261667967354124897e+00
7.576217017455353364e-01 4.225808220407178517e+00 1.137038589828866630e+00 1.347838319166822840e+00 1.175992812412827160e+00 3.922658626936059267e+00 3.845589225481840234e+00 3.149204420635227208e+00 2.050789823898416131e+00 4.117078489674059205e-01
4.661320803750760966e+00 4.827207554185139138e+00 2.254958708453787875e+00 2.446262449329957178e+00 3.253717536206357064e+00 4.646702034366068546e+00 3.172812485762157131e+00 4.575309743405776786e+00 4.289489685470244673e+00 2.687261028258612683e+00
6.406343192609137427e-01 2.656955392940454352e+00 3.906447357239381191e+00 1.591497875469750856e+00 1.134381840011619236e+00 2.878552707193672511e+00 4.166787811012080844e+00 2.716196372339850562e+00 3.285354518521431011e+00 -1.835841767720389206e-01
4.317925080487168721e+00 4.856457122895387890e+00 1.986961278045916268e+00 3.682195264138213631e+00 4.099053519497664055e+00 4.210023023925549168e+00 4.422738678186113326e+00 4.610623658992535567e+00 9.302269113186881211e-02 1.752153080116421124e+00
1.411329757320857636e+00 3.260236372888699385e+00 3.951294164618712301e+00 8.789960605183220199e-01 1.087932067840944761e+00 1.320761023008314883e+00 -1.494449284225012331e-01 2.521223603948239411e-01 2.536401338232877389e+00 6.186961962968604567e-01
2.239569745335052708e+00 2.502013457276173636e+00 2.267218135892012487e+00 3.031630834516650941e-01 1.924907714169396877e+00 3.096472654835653149e+00 1.434685730154778849e+00 6.920208585145887215e-01 4.683944534334033349e+00 2.619325805163307042e+00
1.101611358300301546e+00 3.694596538703403876e+00 4.551157210592736924e+00 6.752552143385538441e-01 4.276141462732920839e-01 1.718724015892101109e+00 3.790249691451623271e+00 3.324664640467325238e+00 5.146919359378000491e-01 7.770022041144035718e-01
3.545644272326676116e+00 7.641483271638979113e-01 2.589867530436063880e+00 4.133381856841662483e+00 1.309770591153301966e+00 3.694211909390473725e+00 4.169343793193114323e+00 2.764529590792868419e+00 -4.275156481928572144e-02 2.844228539626463270e+00
1.193367516626655300e+00 3.571902361418122673e+00 4.010415180636241139e+00 1.981074997881685285e+00 4.986783982306236318e+00 1.180009336902518635e+00 2.419369488479087948e+00 3.975528367602499724e+00 7.778293600937159491e-01 2.808603981998850863e+00
1.362107270005747051e+00 4.846194290443551544e+00 1.501939426530475075e+00 2.340232102937037872e+00 -4.654801710454751218e-01 4.595466697134866330e+00 2.025725134180396569e+00 3.133627541942732186e+00 4.595700485411138736e+00 3.301712948104374323e+00
3.831883569075656748e+00 4.811939304962632669e+00 2.762165697626946415e+00 4.461961500360589916e+00 3.006350621705611736e+00 2.446192481228503635e+00 1.806868146586915858e+00 1.469274746303564472e+00 5.534299854918683925e-01 4.811537434719060258e+00
4.423013413439393027e+00 3.264117384293243607e+00 2.874136670104675328e+00 1.619754737281664747e+00 7.660784240840241566e-01 1.137376416321846717e+00 2.622722630449872749e+00 3.308468367953641298e+00 3.827604814285489598e-01 7.243849338209689126e-01
-1.368662213911390757e-01 4.118350108054480430e+00 2.207118639035144714e+00 2.461877239692470631e+00 5.056365318658451180e+00 1.865792701232650064e+00 1.720684985917620535e+00 2.348031827227446744e+00 1.799149797379985261e+00 1.967969036569076957e+00
3.219193738257017046e+00 4.228358440345215463e+00 1.257623612848695283e+00 3.603348247553256556e+00 1.632590954108614989e+00 3.633888467130275135e+00 4.761849866064385317e+00 2.829023715565794461e+00 4.878227288096009140e+00 1.740736815998239262e+00
9.281880281641594621e-01 4.334057306012204513e+00 3.755357480844714879e-01 1.030452750822503871e+00 4.829958279007632527e+00 9.571678779425634165e-01 6.995544788621146370e-01 1.984977068006978707e+00 1.207934043557394421e+00 2.268890412799871470e+00
1.693793890359105436e+00 6.439075358805449456e-01 2.531591485465230384e+00 2.892944710222932869e+00 1.356396451895816702e+00 -2.322488064389817974e-01 1.108852107803701831e-01 2.250555043136316602e+00 3.325033910181709018e+00 4.821982753685618128e+00
4.211635659366958606e+00 2.852981151492231526e-01 4.557426252963376889e+00 3.511570806231691044e+00 1.467324297940059141e+00 2.429758714664604635e-01 4.952866971476826308e+00 4.718850468675547916e+00 3.773459262261995573e+00 2.261734577020152237e+00
3.805578190638172043e+00 3.555926877760728022e+00 4.227884370016719018e+00 4.110767823776312113e+00 2.914181893930008815e+00 4.084365832165511301e-01 1.964590242142116416e+00 4.872237900193096216e+00 1.301212889607854306e+00 3.087216571487511274e+00
2.312820093161506829e+00 4.836863730474743051e+00 3.671534050686094397e-01 3.437409786601831385e+00 3.909054410645365518e+00 1.582732840309143407e+00 4.478351820472711964e+00 1.972985209273919516e+00 1.057759924528045348e+00 3.340926829379572194e+00
3.221602313677808027e+00 4.019631284541733685e+00 1.150980982906092631e+00 3.152191877080847693e-01 3.857155944183822793e+00 3.455447377127119246e+00 4.772512616799602370e+00 1.056767425028766638e+00 2.674589099990928531e+00 4.517807856494604479e+00
4.363050861174193606e+00 1.221409369758412522e+00 6.326407296539164893e-01 7.063291242873452891e-01 3.414778696762116539e+00 3.907684241091781807e+00 3.228051110130335299e+00 3.294255330518252034e+00 4.202457914180400600e+00 -8.726637510625688543e-02
1.046859147431788317e+00 3.543749358421345086e+00 2.328613805034048578e+00 3.626698110162412947e-01 1.096974806396531887e+00 3.831047605377926324e+00 4.468179315683909358e+00 1.304128920381892875e+00 4.707094976309093681e+00 3.461262487478646843e+00
1.156153385569417491e+00 7.067751732735937376e-01 4.272838706355738481e+00 2.348167528275674876e+00 3.872397273017314401e+00 1.792772292620921304e+00 2.848100600557698758e+00 4.864811086291229714e+00 4.776184515576988865e+00 3.748898740730299384e+00
3.508106274882395459e-01 4.735631269931897869e+00 5.115117202222969617e+00 5.734535585931481716e-01 1.214425516385859050e+00 4.749802887100356585e+00 3.221168632586757230e+00 3.104787663558301603e+00 8.877255881917947011e-01 2.982071568329446976e+00
1.182499361038250374e+00 5.364669603558724020e+00 9.740721507829263048e-01 8.365490631316744308e-01 1.070030084898841993e+00 4.426862169973240779e-01 3.256361687993219456e-01 8.616164359149620644e-01 2.956420573681956654e+00 1.302029125385309349e+00
3.635818866293079044e+00 3.357188073845300824e+00 3.297097589168144216e-01 2.222017755777029036e-01 3.904594174025707964e+00 4.572054344395707126e+00 2.446815860434427226e+00 3.859175526844337067e+00 3.452438882499056838e+00 1.745046925629704981e+00
3.721704832419441722e+00 4.255890337000562518e+00 3.893984131359341294e+00 2.496635374316186429e+00 1.101408093877181527e+00 3.351111669740095333e+00 3.564202508496295163e+00 4.543946635344812357e+00 2.109242699173008440e+00 3.372324022707100966e+00
3.985491648979015977e+00 5.343184920337483712e-01 2.534327505471517306e+00 3.334581708787649035e+00 3.774733807994614221e+00 2.165163696429664331e+00 2.808442584426097177e+00 4.153501212235084949e+00 5.977522506231175425e-01 3.530122371756591715e+00
1.083768048645550541e+00 4.095303158913306874e+00 5.758185423402134573e-01 4.705715519565564442e+00 4.011196469622102079e+00 1.199170932846951088e+00 3.298865661728844323e+00 3.170587507675961536e+00 1.129136291104048340e+00 2.663692256031604977e+00
2.113381979720211579e+00 2.353086156532754547e+00 1.480131801609822384e+00 -1.310435855103554426e-01 3.154052471928257440e+00 1.819096390731045343e+00 3.096534342430437015e+00 2.916766250078437928e+00 2.512295027726592522e+00 4.664081914715692889e+00
4.465293935891743615e+00 2.371906922082755997e+00 2.626497793031047134e+00 3.107878618757375033e+00 2.316917195581988942e+00 3.412938204825298971e+00 1.669084235415191353e+00 2.486664389702646361e+00 -2.567023573188258537e-02 4.134134438857084426e+00
3.001931684132629119e+00 3.735219273352591074e+00 1.411790906577734983e+00 3.492261470942565005e+00 3.800460831857674471e+00 4.701320771826420497e+00 4.506247077786594168e+00 3.650837276333071202e+00 2.284323542345354952e+00 1.724266632317157599e+00
3.908043745598228647e+00 3.952404203055400966e+00 1.120297791845359603e+00 4.314502301817728203e+00 4.279426151167868397e+00 1.883834214354662695e+00 1.474687259931159344e+00 2.158146170559698707e+00 3.277970920947947953e+00 6.662516849128117258e-01
