0.000000000000000000e+00 0.000000000000000000e+00 0.000000000000000000e+00 0.000000000000000000e+00 0.000000000000000000e+00 0.000000000000000000e+00 0.000000000000000000e+00 0.000000000000000000e+00 0.000000000000000000e+00 0.000000000000000000e+00
4.896494315895678184e+00 3.978814685310459343e+00 2.557340643628007726e+00 1.116307284379518955e-01 1.640824294862841093e+00 2.100854275670525961e+00 4.120482844274979684e+00 3.153254552257127585e+00 1.422597766556301879e+00 3.570830280962653092e+00
1.922611615649427508e+00 4.139345689815391971e+00 4.755594140561217209e+00 1.172520786015524896e+00 4.696347225654876389e+00 1.174220889347479257e+00 4.372433810066961080e+00 3.955516729126995923e+00 4.178901699125723290e+00 3.914810054985096599e+00
2.488933950765177094e+00 4.433907874355640821e+00 2.185041111728857732e+00 1.374785381131840456e+00 4.335663951460809962e+00 7.822241263935109101e-01 4.733724177105673725e+00 -9.864499224340282646e-02 3.809992544316669338e+00 4.377659066933209608e+00
1.285477353550834367e+00 4.709057275706274304e+00 2.240063018092583569e+00 5.312851185930507480e-02 4.602537795643026897e+00 9.330324066532736937e-01 3.072904008623644323e+00 2.203219643085513546e+00 1.987160610180276565e+00 1.457962845086479664e+00
8.516258668361241790e-01 2.962503501534914374e+00 2.249305955459340201e+00 8.918701490386049535e-01 3.576273364720222503e+00 3.219069720044323901e+00 2.789045256571847986e+00 2.804475784405810579e+00 4.537482198403524514e+00 9.643175926450563429e-01
7.038249634662192555e-01 5.022174924393997486e+00 4.005049976377788923e+00 4.702150944655546283e+00 9.069534518680760771e-01 6.501682620311014515e-01 -2.149956206468600917e-01 2.362770311270689483e+00 3.155142349517763734e+00 1.790206152472738621e+00
3.403324944150392106e-01 4.590098395071829374e-01 1.523227369351336957e+00 1.090783298124589740e+00 1.191841361663245724e+00 2.457609334524653300e-01 4.722855810325221171e+00 4.121016014216089540e-01 3.867540214064225879e+00 2.462494584741981463e+00
4.869149880944867448e+00 2.176766026847000379e+00 9.261289752538871545e-01 3.089314585678611946e-01 7.283013721144947494e-01 3.894371547227464259e+00 3.350612600189968759e+00 3.338789571307891002e+00 1.115513565093818882e-01 5.267156449121279671e-01
4.514773480375089854e+00 4.769560994765518203e-01 1.180810695417470191e+00 4.081611255210973788e+00 2.161300167152129248e+00 4.783516809311071150e+00 8.653474687597643156e-01 8.605328901291857679e-01 1.265565995311282332e+00 3.442554544529596416e+00
3.190958888210915667e+00 2.224919017692267964e+00 4.516658421205515417e+00 3.774996234972298303e+00 2.043769594487454544e+00 3.871601207226773145e+00 4.759671498916704380e+00 9.525032280942539176e-01 2.896997921598956527e+00 1.649234700867597603e+00
1.796200420034492096e+00 2.808185096223037913e+00 6.517599803244672474e-01 2.108390453649780838e+00 4.038717903819214250e+00 3.356744248729386815e+00 7.009845123779729903e-01 3.683815358265297490e+00 1.489065065377491948e+00 3.077552600911337866e+00
3.348764857845834886e+00 2.948353521696979396e+00 2.129406783695741989e+00 4.895962446373518517e+00 3.467243448225490798e+00 2.211513639106678308e+00 4.035576612461001744e+00 1.864760479138521276e+00 4.365012216707756743e+00 1.530019968980058431e+00
2.693669012240044403e+00 2.646007867372017319e+00 4.113275293373535035e+00 2.851029940922556349e+00 2.802353916907533105e+00 7.314652837361914628e-01 2.341930719559894403e+00 3.935611516876685645e+00 7.443191612593023088e-01 2.906196916264614405e+00
2.087735214677430284e-01 4.758475328250201919e+00 3.265215442694671677e-01 2.801657241458351599e+00 7.046817241832961098e-01 3.024634698709797398e+00 4.127393556507196415e+00 4.736874898522263067e+00 1.655350828144087849e+00 1.149873875957279523e+00
6.512899974040836648e-01 4.045512866186577128e+00 5.709644513294913626e-01 2.467318758034665827e+00 8.888573683571510120e-02 4.022410793719711997e+00 3.917248677816933977e+00 4.938322816068962062e+00 5.628511473691971689e-01 3.870948221752997132e+00
2.551461388900659433e+00 2.924546196853436086e+00 1.642720525391731856e+00 4.378424983057909614e+00 1.381295919887419288e+00 3.890540255000101144e+00 2.230912391302451336e+00 4.672002649063920765e-02 1.002608894808891149e+00 1.334510715501416422e+00
1.332916561082031937e+00 3.950204443848436053e+00 5.100901756688475785e+00 3.719660658948407139e+00 4.427558689474040854e+00 2.401798571082887968e+00 3.576322928717245109e+00 2.270481715743301265e+00 2.434876623177142652e-01 2.384069458513405682e+00
1.562828520731207149e+00 1.810133409838759588e+00 1.568290907476476148e+00 2.351326101427444026e+00 4.459199449850951957e+00 2.431798079002493118e+00 3.571540658111929556e+00 2.770583801828921722e+00 4.557311441115701189e-01 2.995191840465918798e+00
3.044483032595457495e+00 7.048066715065106624e-01 3.386496595285839462e+00 1.039201370691822834e+00 4.437124558600133994e+00 1.685815401118374135e+00 2.611014414948751750e+00 4.084479384872188312e+00 4.106158510097443148e+00 9.490054664137147489e-01
2.784175728955240015e+00 1.561048790062458558e+00 1.584080838136503022e+00 4.844544992258586369e+00 2.084055956972375334e+00 1.667848668655890432e+00 1.442714153491302664e-01 3.223166526113369734e+00 2.567324695311349547e+00 3.450101603338683987e+00
2.728832968099374146e+00 2.571438438196464116e+00 2.160526574166827807e+00 2.306212702966468520e+00 1.991512924014078090e+00 3.501431431274728556e+00 4.086407658734447779e+00 2.588787987383673439e+00 4.584055216339553596e+00 7.658892909558233653e-01
1.654040458979290307e+00 2.454210021058891744e+00 1.894278897900209646e+00 2.950964046580066835e+00 4.421985181651060692e+00 8.792485336059960854e-01 5.316929794884998728e+00 3.183106681576203467e+00 4.827327637854716968e+00 2.447126617345906752e+00
3.801240293799666325e+00 4.616519216383048629e+00 8.528100371005112312e-02 4.607295922684670586e+00 4.117161871406950446e+00 4.440783290627041247e+00 4.111464945465457710e+00 1.446110072041614236e+00 2.011585564772891743e+00 2.928427234788765210e-01
2.083706049860096332e+00 2.402053027603608726e+00 3.459053681578599271e+00 3.798950755649486144e+00 6.390813741088765543e-01 2.134497160895144408e+00 1.994441003730924811e+00 3.798034733319530787e+00 4.461235584077262173e-01 1.333873188080764383e+00
5.759508429673642071e-01 4.419114935286952317e+00 2.760066553050129823e+00 1.021906161614538400e+00 1.523263318492513729e+00 1.418334363774963913e+00 2.150229050090664451e+00 3.537591633293141413e+00 1.234224124717602233e+00 9.034419767929487977e-01
2.176691500429168258e+00 6.736331416005679751e-01 2.419573833959987930e+00 3.126479121690806995e+00 2.742832745592969523e+00 -2.303525510013139377e-01 4.234014789979775095e+00 -3.558048921795737840e-01 2.371896030858969162e+00 4.201835282142547534e+00
4.812556774667591242e+00 6.768061851209141722e-01 4.389536744365735821e+00 1.345843242737549517e+00 4.022984366757988539e+00 2.804105123723665827e+00 3.676497501220273634e+00 4.971022931379093457e+00 2.878990183126247437e+00 4.329996467809102967e+00
2.391363808057919815e+00 4.599804368110946839e+00 2.934620216728415887e+00 3.421138334424203453e+00 3.053242348910317094e+00 3.850406981765686520e+00 2.822957687521036263e+00 4.414963519243627843e+00 1.481523923368794238e+00 5.575270729283716697e-01
4.487204084419050609e+00 1.441014895801927764e+00 3.282980796360603026e+00 4.613633898119901211e+00 1.419741596414384244e+00 2.192649210739404941e-01 1.813202200599775216e+00 4.357269125671798804e+00 1.724791020763866700e-01 1.481392506575909707e+00
1.175271047543235747e+00 3.820981987229449039e+00 2.899830694855995983e+00 4.502368160089131877e+00 2.943476275332111758e+00 2.423774649214271992e+00 4.079003266345498702e+00 4.844275553402331624e+00 2.969237232507399682e+00 5.249662154223361910e+00
2.627958339516950126e+00 9.433160331003047627e-01 3.069009614917991957e+00 1.333744545501724721e+00 7.607632466288135609e-01 2.478870270449841318e+00 4.639659840056383544e+00 4.761688429688517132e+00 2.592484483751769098e+00 2.694095424010777950e+00
1.031720872215154822e-01 1.814234662610363813e+00 1.913827686390344285e+00 4.832780945284506302e+00 4.487887203685713366e+00 4.453214023200913196e+00 2.909184972326992913e+00 4.437208764312415177e+00 3.054122639822455465e+00 3.683427926409377662e+00
2.528608183002081677e+00 1.170512604308258986e+00 3.674035574861354903e+00 4.102326512794419955e+00 3.491665792400523216e+00 1.956143756717883431e+00 1.316240421406475569e+00 2.069323201518493249e+00 3.298528673183807047e+00 6.386008354593727399e-01
2.664322307415936564e+00 2.665303157746118146e+00 9.332419931775004507e-01 2.606767154889761962e+00 1.315225348046047182e+00 4.812098499960153930e+00 -2.167912917702007891e-01 1.161386276778901605e+00 -1.349556296587230420e-01 7.313729326300849598e-01
2.498083203662196716e+00 1.778797693855763029e+00 1.497836911064442944e+00 3.062737124084660700e-01 4.387314577474663579e+00 9.385610937183527791e-02 4.139292339043472602e+00 9.053276004612660355e-01 4.138804957189616829e+00 1.842544590593213849e+00
3.175759034795485825e+00 4.231321831596259742e+00 1.541011086831550969e+00 4.589709180085633222e-01 3.026192594775816591e+00 2.484782235035459141e+00 1.029397485597351780e+00 1.344543872111602312e+00 3.611228147044345693e+00 3.854225795884170136e+00
4.393340630560909510e+00 2.297498069050989411e+00 3.635338927591187375e+00 5.274478687310977243e-01 1.759620458382527008e+00 4.374021401735835646e+00 1.243809245704917021e+00 4.270779892234976671e+00 4.291373083933255117e+00 6.587764008355384560e-01
2.044837967115575417e+00 7.171410322011471106e-01 3.993260690799952606e+00 2.236659710460603190e+00 2.048698105883355769e+00 3.229351604094071515e+00 2.062510043513006153e+00 1.772615940451780947e+00 2.877882073006767794e+00 8.157415893130969264e-01
2.859845270996451028e+00 2.076825394029359617e-01 1.025874576418793316e+00 4.513284411062432611e+00 4.197236731708025026e+00 3.500210142742224306e+00 4.976193444179728864e+00 2.081008396798058602e+00 3.068603631286180189e+00 4.280674032340035851e+00
3.740112506728610064e+00 4.514725841141296492e+00 2.053776713603623350e+00 4.522179090814768543e-01 2.345291965451402394e+00 1.522066896921641099e+00 1.796447511039576561e+00 6.071251482514899989e-01 1.071819084717330561e+00 2.095344927177064387e-01
1.353587930699018171e+00 5.717804314553894818e-01 3.219597250811308542e-01 1.559174099032846872e+00 4.497868995414864735e+00 -8.666106700425424414e-02 2.151840024713313593e+00 9.821592572416257827e-01 4.385343875510070433e+00 3.386324922459555076e+00
1.250623269405720217e+00 3.769036754132402134e+00 2.118938490687264142e+00 3.367452760130315692e+00 2.912723464470082568e+00 4.245161680473065746e-01 3.603974728499185431e+00 1.914211142827320300e+00 8.822354355419660399e-01 4.392634994747044885e+00
1.820318283853546104e+00 1.569921029512360677e+00 2.094246263638721572e+00 3.191207494333682781e+00 2.221961198113476144e+00 2.677322207598706871e+00 5.120646166669420296e+00 4.915050443722394746e+00 9.280794288532610015e-01 4.011690119238996211e+00
4.836377040611153255e+00 6.275823961075643886e-01 1.069947403945345377e+00 2.971008415380995249e+00 1.563012589443944833e+00 1.021320631851662997e+00 8.420101645817412717e-01 1.356737042945538985e+00 4.089687247976548257e+00 2.464153651795665034e+00
2.512411222942052547e+00 3.153461121925809962e+00 3.273660151701929699e+00 -1.169958177756150186e-01 2.965597796827286636e+00 2.649318647967401574e+00 2.874643620230830976e+00 2.484774834935738586e+00 6.034414874812409346e-01 2.149656061335706525e+00
3.243122705188602239e+00 3.876036945485277663e+00 1.781945108679137135e+00 1.510527969429880102e+00 3.274940177000541741e+00 2.407029734630975248e+00 4.008202722589509825e+00 1.198765787020346751e+00 3.336270837467125716e+00 1.880186678501786002e+00
1.736398264663140623e+00 1.202730997669688939e+00 1.425945013993169086e+00 3.327200121470935024e+00 9.652917031842068729e-01 2.576379613068253249e+00 3.283997623985090542e+00 -1.914746179905759960e-01 2.303764298828538504e+00 3.418365086860899016e+00
4.637398144108299647e+00 3.967981835426995563e+00 4.020772830798764019e+00 4.144709805145662784e+00 3.556253838015151381e+00 3.494877501180311707e+00 1.516919286817673296e+00 1.169385221736339187e+00 3.451437215563176175e-01 6.841003763819327732e-01
3.692173434908857299e+00 3.711018826596796938e+00 2.428303555257156798e+00 3.658759451232016069e+00 1.545771268088381278e+00 2.602978671945392897e+00 3.572036074884052947e+00 2.144761727238948978e+00 2.510190316286852852e+00 4.395180935985458781e+00
3.789265931672315624e+00 4.353853957116013973e+00 2.316262735318513233e+00 5.040459376427376625e+00 1.447614072145460451e+00 4.722979908828510709e+00 3.052517984671656581e+00 5.655990194188148523e-01 2.330161495574600838e+00 2.521573651357097656e+00
5.716379828923563444e-01 1.261401264007776080e+00 3.119728962003608608e+00 2.583916390377370309e+00 3.129652509110152359e+00 1.559328230033893981e+00 4.873384089903108674e+00 3.892589663524603338e+00 2.644257214575421067e+00 2.057009274362102680e+00
2.670049538156094915e+00 3.980713380769814180e-01 1.381631250673302169e+00 4.088563710877409996e+00 2.085793111760966934e+00 3.797961274084884487e+00 3.168129145971880778e+00 4.630405857440396566e+00 3.926832097968626090e-01 3.864431417987565509e-01
1.509458831867989570e+00 4.021260396507959634e+00 3.783552860624841419e+00 2.846225663749531454e-01 4.639235029960302903e+00 2.776558218161179425e+00 4.058520342035715878e+00 6.526343410540531575e-01 4.739885990132041371e+00 2.264169791994748770e+00
6.572229980022742390e-01 3.884477352093627545e+00 5.523596119975424656e-01 2.541934436021882959e+00 2.669670968033966307e+00 3.215816420551319332e+00 2.748416210686847716e+00 7.837242246699027692e-01 2.218161494914280052e+00 2.564138827986430780e+00
1.649613728591951656e+00 2.874791450349152289e+00 3.951056837243990483e+00 2.345830842284995832e+00 4.145931592540383015e+00 4.528779915044283122e+00 1.174319925795474395e+00 1.827225965862224299e+00 4.740788601960452375e+00 7.616886595412201144e-01
3.142794470247727734e+00 2.087986591749395160e+00 4.109480653847077392e-01 1.873822640320153665e+00 5.125041799777187101e+00 8.987096685701150278e-01 3.311234664941786754e+00 3.685948337942404063e+00 2.910718679068799997e+00 4.374252746672896208e+00
1.998540516910781273e+00 1.998630756913230000e+00 5.841345038458670702e-01 4.794509713697443942e+00 1.475445219505879590e+00 7.131826002522827501e-01 3.194299709241621432e+00 4.655635547741350244e+00 4.506803597201431089e+00 2.223697311123842280e+00
2.528053144991986745e+00 4.870825804995419617e+00 4.312624331994100224e+00 1.346318672624073676e+00 5.052833875779111139e+00 1.762220975250148980e+00 2.105288753801687562e+00 7.679113897636093977e-01 2.631263284315356277e+00 4.439493545701800770e+00
9.563579339931160828e-02 2.129452510475374538e+00 2.361014057205620409e-01 4.645871334805617536e+00 7.959027482443558066e-01 2.384464868005939930e+00 2.569873689744344603e+00 2.669557063001564146e-01 3.559778282487154222e+00 1.002041369862167075e+00
3.246786228403413799e-01 2.915832365614754451e+00 4.719401328704512899e+00 4.006195726842913807e+00 4.525706022370033388e+00 4.211758088664671718e+00 4.111668554488439042e+00 4.735893946757188111e+00 1.487478705025242709e+00 3.690489388245594249e+00
3.085811450490269170e+00 2.214360627099390744e+00 3.902833614562088993e+00 1.834688552147099916e+00 5.073354056708246906e-01 2.439995695500259298e+00 4.392243175238556674e+00 3.439383321088426815e+00 2.619220354428250630e+00 3.670825918572442337e+00
5.733386220082038465e-01 4.583292214794090214e+00 4.683180922555325587e+00 2.345239641805023201e+00 1.450716394132776532e+00 2.701120865058931564e+00 2.128121870246499903e+00 2.227403029429145587e+00 2.450132210970521474e+00 3.980586996522341714e+00
4.156385242311583461e+00 9.349532165826183183e-01 1.945349747309565558e+00 2.495462639438841723e+00 7.544877344702197175e-02 8.581988330545865518e-01 5.045755382416378110e-01 1.821621533899296708e+00 8.636839482251874589e-01 4.631912758327581869e+00
6.157712242240805933e-01 9.644375611887364697e-01 2.504468301297466670e+00 1.264974794760340471e+00 3.872006486252262292e+00 8.310833232137504467e-01 5.430306777891741321e-02 3.364751704886252970e+00 3.937297755777490416e+00 2.400860765191299429e+00
4.683021659227957656e+00 2.221979052422629497e+00 4.194675032126970571e+00 2.819933200220595015e+00 3.352135577792957122e+00 3.478137660762698591e+00 4.431311984461982156e+00 2.524402071015821925e+00 3.530422256239961754e-01 3.616791771916081810e+00
2.981265758244110664e+00 2.950632473877180306e+00 4.002196419202598499e+00 1.548487487031643628e+00 3.493877619986600624e+00 1.688519216785153931e+00 3.655214124760279404e+00 3.567942749702205596e+00 3.494012731319726672e+00 4.234737039357422184e+00
7.520811192254942545e-01 4.220173284974912953e+00 1.125225401266667147e+00 1.339185542148117802e+00 1.202576330468204002e+00 3.932021361677245253e+00 3.828842476031655728e+00 3.202165846739029487e+00 2.051983537228997623e+00 4.162550174505985079e-01
4.679883613598553538e+00 4.828734946830226527e+00 2.304091223993684157e+00 2.463507452003651732e+00 3.248485799403147301e+00 4.673135780959361441e+00 3.148212582913067603e+00 4.571189392218520275e+00 4.301040128138746255e+00 2.640267431815393806e+00
6.302666296071257612e-01 2.640495549232666050e+00 3.897906222843089630e+00 1.607778990615396530e+00 1.113978616671259525e+00 2.861647733513531300e+00 4.178780327368561309e+00 2.719816037177543055e+00 3.260882654901751110e+00 -1.625776172504835304e-01
4.320304031521695620e+00 4.833219735297860531e+00 1.932801610967295858e+00 3.662761438776928280e+00 4.139021976674230885e+00 4.183313968154723561e+00 4.386513917079423841e+00 4.602134665687896309e+00 1.082385985898018932e-01 1.730012379216800067e+00
1.380142668211348234e+00 3.233325123399705792e+00 3.937121106778309620e+00 8.837869975179598603e-01 1.080570894200886034e+00 1.295571999905017924e+00 -2.031615541089238086e-01 2.460195999646714593e-01 2.536694927498636343e+00 6.506741175321947290e-01
2.251927040783877843e+00 2.516936844527371431e+00 2.290916021926375556e+00 3.409648678989168902e-01 1.954226472551464866e+00 3.074566131498427168e+00 1.404107039986738803e+00 6.932880128771458095e-01 4.690628210837885170e+00 2.612249045299069650e+00
1.120273497335606105e+00 3.703729186728428324e+00 4.569394742613140714e+00 6.876997606038302013e-01 4.308938804036835934e-01 1.743901026988407654e+00 3.781672347072139395e+00 3.310618982956695433e+00 5.263016084946129380e-01 8.174079742035956775e-01
3.536201758347527146e+00 7.406761437068208886e-01 2.573776994908594240e+00 4.121926252846427552e+00 1.333142417272187741e+00 3.718220572174418148e+00 4.170132081245029099e+00 2.742524030538018742e+00 -4.302572530151302366e-02 2.858159017080397213e+00
1.180385638178515606e+00 3.585674996973144513e+00 4.013143984438502621e+00 1.970263240120236015e+00 4.972666896060809805e+00 1.189991423042897623e+00 2.451589867529504918e+00 4.006242308934549357e+00 8.000532486714697633e-01 2.825839640867344293e+00
1.353739600029838952e+00 4.850758561740728503e+00 1.499594830033365911e+00 2.332333678151062184e+00 -4.683405895813837483e-01 4.572457878588241265e+00 2.047225463259887412e+00 3.125108643718698342e+00 4.580057499054487558e+00 3.266558664485802677e+00
3.831860238848636246e+00 4.820865479749866012e+00 2.745285801397401304e+00 4.466091485460514932e+00 2.990423360708571288e+00 2.446969097604560162e+00 1.772768219978479109e+00 1.451311492917852997e+00 5.542054118539951890e-01 4.793560193606253961e+00
4.424631524104952085e+00 3.283039559971994148e+00 2.869091977533482662e+00 1.617686644413999675e+00 7.318314459587598186e-01 1.119054423199163262e+00 2.615513066793980101e+00 3.309168065913464574e+00 4.068022653384393839e-01 6.709822139505209337e-01
-1.926973668197715095e-01 4.097193742482160062e+00 2.199903109668341905e+00 2.500744251517466932e+00 5.084137446633292257e+00 1.875528755026221628e+00 1.775828689202697097e+00 2.345913807373012805e+00 1.756725370006470444e+00 1.959108502704303811e+00
3.205260350310201289e+00 4.211306471905986726e+00 1.277382291858282448e+00 3.605546958362348064e+00 1.646139862812500354e+00 3.643227910048663531e+00 4.746010315129026047e+00 2.842700534741549490e+00 4.848663275577028919e+00 1.742695903315174544e+00
8.728084510515750072e-01 4.327888063810594765e+00 3.558534288398867984e-01 1.009606081282496293e+00 4.854090135738409195e+00 9.340169477389080877e-01 7.143125630116514690e-01 1.966078550526930480e+00 1.143888297779272589e+00 2.261168237787148261e+00
1.630675292804230736e+00 6.203690440764008107e-01 2.515359630654022904e+00 2.881265697795638125e+00 1.351291431721706848e+00 -1.989582372801425025e-01 1.236984502323901780e-01 2.249394481196801188e+00 3.285886975012556110e+00 4.822999511517339855e+00
4.155728795056578662e+00 2.749259177828866640e-01 4.560440075284336814e+00 3.493027144170367748e+00 1.435384583196483987e+00 2.491887362539105255e-01 4.939613639093794362e+00 4.718708069031728236e+00 3.798425321880195327e+00 2.240933767870713744e+00
3.826848348268576672e+00 3.504706166259627942e+00 4.229255064322870794e+00 4.102423366769086144e+00 2.913429150592211858e+00 3.941454392875309853e-01 1.970279303160501927e+00 4.819754229409441315e+00 1.282528653940451235e+00 3.114705440934126823e+00
2.282667228612532906e+00 4.799189278030687511e+00 3.684968620450248533e-01 3.400774434985986083e+00 3.902650193832497116e+00 1.591973917955493034e+00 4.460144124335944760e+00 1.988207869801893457e+00 1.074492157109558255e+00 3.365989311605936063e+00
3.228059711854561975e+00 3.982226560462045040e+00 1.093438292401341938e+00 3.336589434047845248e-01 3.838973751544511703e+00 3.469193599471990908e+00 4.779183902134211515e+00 1.088628660511408164e+00 2.671671156251441026e+00 4.489451703033395802e+00
4.362565656669691094e+00 1.253484855992681668e+00 6.009770070487522320e-01 7.052476881659467400e-01 3.422111931065956014e+00 3.874517303187136275e+00 3.222987771868004891e+00 3.301002799547308353e+00 4.208720416829152988e+00 -1.080475512724779902e-01
1.057525710798726815e+00 3.524778150728000270e+00 2.329494856345279974e+00 3.693730600158227073e-01 1.093115375535349987e+00 3.859790304060684463e+00 4.465403454145526752e+00 1.288094743581795987e+00 4.698728430030364223e+00 3.491613930480112593e+00
1.157183557472403423e+00 6.966358835620898304e-01 4.284809627643880070e+00 2.321099961713765314e+00 3.867947942024327457e+00 1.780193343134916839e+00 2.840977882046967995e+00 4.838377082799327766e+00 4.792125391276597313e+00 3.718635500320711884e+00
3.659467878174494371e-01 4.737504388040091108e+00 5.079194663597188075e+00 6.239452130355889192e-01 1.201779608785613629e+00 4.739600879824572566e+00 3.182769830862721694e+00 3.113642014607355790e+00 8.722691073219850377e-01 2.966627402086588372e+00
1.195345220219485860e+00 5.410926611781953888e+00 9.584892336325981921e-01 8.141628740629865968e-01 1.095753083748863155e+00 4.257909769039815995e-01 3.176290001385040362e-01 8.482664272827523666e-01 2.958707249876514567e+00 1.277710599055035257e+00
3.636092650817117189e+00 3.326081417592228195e+00 2.895978384720113707e-01 2.021600741445978289e-01 3.887382695420026568e+00 4.581633349839969505e+00 2.455233921256607221e+00 3.880167568050722160e+00 3.469712532987393683e+00 1.700708326494835942e+00
3.702893920672610140e+00 4.245341728482856958e+00 3.868878129495865181e+00 2.481575772380845812e+00 1.088415076154116257e+00 3.346841619051223127e+00 3.571975134083400505e+00 4.537127120150581838e+00 2.097391935137946639e+00 3.351475645676103898e+00
3.995204014948391613e+00 5.424190724036986877e-01 2.545889254298876914e+00 3.343614536573171758e+00 3.738599493264081364e+00 2.158287748300947051e+00 2.819901324362953599e+00 4.095291032950028054e+00 6.155075619718842761e-01 3.532196212858142559e+00
1.050414697351773174e+00 4.093078278426754757e+00 5.529513822644855914e-01 4.720625724875231022e+00 4.012024872551616994e+00 1.211178974050576063e+00 3.286901406394441505e+00 3.168281662336570825e+00 1.086310172367909166e+00 2.677735569715512298e+00
2.137116035212629050e+00 2.361802528443575522e+00 1.459305798412898980e+00 -1.296411927776323914e-01 3.154752293851663669e+00 1.799313383269209865e+00 3.131693711045717698e+00 2.924186810829319860e+00 2.492704712514515641e+00 4.633158077738928959e+00
4.470155525304489785e+00 2.367109337995227492e+00 2.648384316656145376e+00 3.113726841771876419e+00 2.352555153753770778e+00 3.446278633749482179e+00 1.670455552734058990e+00 2.454631150501545900e+00 -1.179712529284596655e-02 4.109070842484238817e+00
2.994360453198161132e+00 3.710958499801297883e+00 1.372576631002567327e+00 3.487106732707989210e+00 3.783464022856247055e+00 4.660263556794945750e+00 4.543700471200458502e+00 3.661659450238494262e+00 2.293184933621091659e+00 1.690652301785209310e+00
3.913766841075090319e+00 3.918781522557983621e+00 1.123027460385315868e+00 4.338778526277445202e+00 4.322398029043966972e+00 1.875348963041672867e+00 1.494101028070501602e+00 2.172254815715077392e+00 3.279043198962584782e+00 6.314621138541737233e-01
