0.000000000000000000e+00 0.000000000000000000e+00 0.000000000000000000e+00 0.000000000000000000e+00 0.000000000000000000e+00 0.000000000000000000e+00 0.000000000000000000e+00 0.000000000000000000e+00 0.000000000000000000e+00 0.000000000000000000e+00
2.783194153175633900e+00 3.290072500358720564e+00 1.422718305689014140e-01 1.635557409004405827e+00 3.109699217943072025e+00 2.455583226929250115e-02 3.929960664753726629e+00 1.302876889408756123e+00 2.583735584561131837e+00 2.292998253365709171e+00
8.768228853840931425e-01 4.143849671597714668e+00 3.908484678078295804e+00 4.407565692767450471e+00 2.849609816441135646e+00 1.972139483579344432e+00 1.448762040146859498e+00 2.685806885767757723e+00 3.453961443416673660e+00 2.556501480021399875e+00
3.693333948524161858e+00 4.862784591471622342e+00 3.580981870072340367e+00 3.425628435648910397e+00 4.798956404125790165e+00 1.987957649967453388e+00 4.175586922740760265e+00 2.323255653061554238e+00 1.016200088040317473e+00 1.318855814109909597e+00
2.581867432045164890e+00 3.846748747264279178e+00 3.727062807513921161e+00 9.456978201333849920e-01 4.572870734247182156e+00 1.203766449580730008e-01 1.265586040366115661e-01 1.127656222840052180e+00 3.148831146499973865e+00 6.621580462574945258e-01
3.758474558555652933e+00 1.513000019202353608e+00 3.345177341548696059e+00 3.081363587932532511e+00 5.401842829634169174e-01 1.731115446256130674e+00 6.719121701570320848e-01 3.846505100494578944e+00 7.507945475431176963e-01 3.911824173547982397e+00
3.041497643575892251e+00 3.592854984104301153e+00 1.192897664413785863e+00 3.793215973143026609e+00 7.534464887982219583e-01 1.227865017773440925e+00 2.331873075420494601e+00 4.539626554923459345e+00 1.105470791698206057e+00 2.802954854179203537e+00
3.713655465912919951e+00 3.522241859570010014e+00 1.707678424694776265e+00 3.223286539187397270e+00 2.212109013302133054e+00 1.699481147106258527e+00 3.093496845997587008e-01 1.270770290957022652e+00 1.814446246526171036e+00 2.658133912915619401e+00
4.076362118642212096e+00 2.829998330751840374e+00 4.414882755197551134e+00 2.576785534430190872e+00 2.390348504693386111e+00 3.825891259923153709e-01 5.019061542389950503e+00 4.069551525934852698e+00 2.787535331284278772e+00 5.593329896261005629e-01
3.135969391245168048e+00 4.960431931628034974e+00 2.560707916590557520e+00 1.000453630066421518e+00 2.122368044715176261e+00 4.699590594325519177e+00 4.685757947702467341e+00 3.498978090268744179e+00 3.616753546976695155e+00 1.904971154396420285e+00
1.930587817687315688e+00 1.066722957804530525e+00 1.567118227631965066e+00 2.971398912612611465e+00 2.080590863567394866e+00 3.939601737117444102e+00 3.563127274601060268e+00 2.617903128655216349e+00 5.168534484250396632e-01 3.693458703436963919e+00
4.478045737901830137e+00 7.950020658053449374e-01 3.977803015660404284e+00 4.712558735201890947e+00 2.859056329192452228e+00 8.139017687846845650e-01 1.258971750310678983e+00 2.960006133050081978e+00 1.330150365807333701e+00 9.265174245090969096e-01
3.095068517409950370e+00 2.939940887401802705e+00 1.134074026489349185e+00 9.275112532784685060e-01 3.482566229169222982e+00 3.933969678011731474e+00 4.024221991859209702e+00 1.741513399647312665e+00 2.237314054417533615e+00 2.137411577266613349e+00
2.491184666349676391e+00 3.252666420933068903e+00 2.631811550361307983e+00 2.184248634467751415e+00 2.822530188713159305e+00 1.601579473143529553e+00 4.811320046099202052e+00 6.889598989217213809e-01 2.747192634121082833e+00 4.307966318874264289e+00
3.936976545492766100e+00 2.084182480087679590e+00 3.688056730690605911e-01 4.647522988437095215e+00 4.885970620253900165e+00 3.552858880997451507e+00 3.996266526242426842e+00 2.068574208458571650e+00 3.567427342538524560e+00 3.010997192188170857e+00
1.285163336310715998e+00 1.677215215174389096e+00 3.096316249062650794e+00 4.479953032185421513e+00 4.919873848881968215e+00 1.426938874528828727e+00 4.950817248173103202e+00 2.878307803258397524e+00 3.463018561728526290e+00 3.595411843800859764e+00
4.563627779593746325e+00 2.891252250661069390e+00 1.712458739748358525e-03 2.368042417532344679e+00 9.401851684653632635e-01 3.805327756259185179e+00 1.606732124208771539e+00 3.831081670069029776e+00 9.801652641365008467e-01 1.910388586528093402e+00
4.626732888357670603e+00 1.338340671640830370e+00 2.132007391513635497e+00 3.634522155817925815e-01 4.580433983207710114e+00 3.059413343207193492e+00 1.591851925724349748e+00 -1.410832629631392499e-01 4.727949007545348414e-01 2.623744358208176752e+00
3.382828669284151157e+00 -1.613016627529605396e-01 1.913119745574103359e-01 1.466234536782784037e+00 4.423534865150336337e+00 3.007504667050422853e+00 1.105304518423196436e+00 1.012640974368342217e+00 8.227846945656659416e-01 5.338759498076877996e+00
1.765640295114778491e+00 4.245482428110859408e-01 3.620675824574414392e+00 1.641901241656316568e+00 1.103509589368616650e+00 3.923525767374036466e+00 1.987195728236252457e+00 3.730411004692854249e+00 1.937129023295402597e+00 1.677383776852555908e+00
2.369141648105050069e-01 1.298960530595969054e+00 1.597510426603798273e+00 1.858928336396765246e+00 1.805877178145960826e+00 1.085044266521653977e+00 7.525086730737532426e-01 4.696044428977434460e-01 5.177062630005192290e+00 1.208965154311939516e+00
1.157491865576117496e+00 5.249566421549320516e+00 2.591685822474758094e+00 2.610670545574326429e+00 4.867672194624589110e+00 1.483675243338936856e+00 2.047531205490370709e+00 3.303195883792486409e+00 3.195260535178106043e+00 2.741612579630124280e+00
3.566672287201440916e+00 3.022627249117286308e+00 1.658888153821452383e+00 3.950472821326891371e+00 1.075024864752366083e-01 1.380833324216846680e+00 3.989964163579569956e+00 3.341871949926709551e+00 5.015775862087422432e+00 1.445686154645442922e+00
1.803184537200597903e+00 2.329285813659325299e+00 2.392113068899775818e+00 3.963806472174794315e+00 2.157219852796810500e+00 2.427665782202361289e+00 -9.015996128607971227e-02 3.697680360023427149e+00 2.524085382914828646e+00 4.343515053084649580e+00
1.678921293514216817e+00 3.376521837725432018e+00 2.174836374810351192e+00 4.375682686005037070e+00 1.295247250306883924e+00 3.542570772826168390e+00 1.278873609986439064e+00 4.710212950353781736e+00 1.715957976510642524e+00 1.579988818807197770e+00
2.796632204626580354e+00 3.974616935989458533e+00 2.162410482368657405e+00 2.727827513318108021e+00 3.870514000768245921e+00 2.139063602430556710e+00 2.120913719953820387e+00 1.646430786492309783e+00 2.876878678699232861e+00 5.964820094572383935e-01
2.018262678650827535e+00 3.537908818541583233e+00 3.956356833042342647e+00 3.880328280159621279e+00 2.410765002269836366e+00 2.898594466852834284e+00 1.052418728653425006e+00 4.208155863678118891e+00 2.385799234129276858e+00 3.074180976212822713e+00
2.140078417028228319e+00 4.419640816915748616e+00 3.145214684365045255e+00 3.171976664852281580e+00 3.339795185645644704e+00 4.839490119698800719e+00 3.238537692267305701e+00 4.625409821884114869e+00 2.709634670080958596e+00 2.298173187597404521e+00
4.032598342626065424e+00 4.914228062308681477e-01 2.247975162223937673e+00 4.749732772283936200e+00 1.125648062052682308e+00 2.994194112283147469e+00 4.754906312584660455e+00 3.132993242434938708e+00 2.781719571708502592e+00 2.803156685841568851e+00
2.419593488126874803e+00 7.556291587040221414e-01 4.614301078834605718e+00 1.653634968241761705e-01 4.309167622203206705e+00 4.665482369455455358e-01 2.390179134846702080e+00 1.548453762171509741e-02 1.715217062864819342e+00 -9.406122939549407813e-02
2.129410693721659698e+00 4.712732107181355268e+00 3.050021010413948463e+00 2.166316686892599375e+00 3.575137080734117401e+00 5.034586885496262099e+00 4.896978743794329070e+00 4.534489101493769603e+00 4.313768349140625347e+00 1.302527287096447939e+00
1.081355265272964328e+00 5.038370491171907162e+00 1.436672066632006084e+00 4.837131522849197118e+00 3.741703386542907239e+00 2.632418815676431212e+00 3.153072775830135122e+00 2.549577106043956487e+00 2.367586224916143678e+00 1.913308267064351753e+00
3.958311884994269558e+00 2.038479375601974786e-01 1.232176632076302569e+00 3.444891585924503286e+00 3.521208099745445352e+00 3.549263168993745055e+00 4.479645784793802044e-01 3.301111286512150578e-01 1.424775743947172657e+00 1.497925155796197894e+00
1.235015026526180698e-01 4.648574822214931679e+00 4.742767503209355695e+00 2.851721537645386384e+00 3.459267323994731913e-01 1.091080901324333663e+00 4.164806446091498415e+00 4.110227794296620552e+00 1.132840919650383027e+00 4.737251643535982382e+00
1.762196196062298714e+00 2.592802532241964997e+00 2.232417237551918898e+00 1.347888693800210591e+00 1.431290726732730834e+00 4.253670806559561868e+00 2.478641721852254953e+00 1.499288020024372559e+00 5.985634198615664703e-01 3.965931921573871310e+00
4.573482069040029963e+00 3.722985869629142908e+00 4.442217889215149818e+00 4.671221477512050413e+00 2.753946207722731909e+00 4.154328535409037571e+00 1.016667142886670261e+00 3.046863077725418201e+00 9.408539369908244243e-01 -2.372971201882546621e-01
2.194956163085482803e+00 3.168138802360716433e+00 9.860290559520275000e-01 4.044263819443403740e+00 7.908196398036406727e-01 9.992493207223536178e-01 1.130277984622827248e+00 2.152059260627922743e+00 2.583688738478907787e+00 1.371711288462158951e+00
3.869791728861474489e+00 1.338257189747378950e+00 1.333314245786831664e+00 3.015181720362866802e+00 2.409455769793863666e+00 3.026138924341380321e+00 1.392982382741918546e+00 2.122877468999575079e+00 3.739941435292254646e+00 5.745856960769074595e-01
1.027439526085400567e+00 1.567267366242820037e+00 3.083308768428584257e-01 2.836719915234646727e+00 -1.273100957609464012e-01 8.362657670495401430e-01 4.608115934818932224e+00 4.372781813273317830e+00 4.253641455480585698e+00 2.260028361843530398e+00
7.474204892856453064e-01 2.903697633430020186e+00 1.121958195384537449e+00 1.434772744934286859e+00 3.633043396033832639e+00 1.360739834892711331e+00 4.273173125172288422e+00 4.509283946489528461e+00 2.562159547746738930e+00 5.903702224993233605e-01
4.082975377135664857e-02 3.862664318507775807e+00 5.408580787516805710e-01 6.798979738655753779e-01 5.795852122217222124e-01 1.923768386594972624e+00 2.977190490666763445e+00 1.007282692453462136e+00 -1.993075154592403031e-01 2.056812794143657364e+00
3.635725197165597500e+00 2.122363911370285461e+00 3.140399588549808385e+00 8.085062756700531761e-01 1.922236652615485486e+00 3.820084749511298394e+00 9.077181302112823369e-01 3.752035206111798971e+00 3.416734509161465372e+00 1.313170915719164666e+00
4.356942691495456543e+00 9.958884276003630021e-01 1.566286849711819418e+00 4.184856767078654616e-01 1.113407221394927316e+00 1.263366430298499044e+00 3.862955977775979211e+00 2.135429725987322058e+00 2.573404032515271389e+00 1.754726675690292836e+00
2.825711674087460601e+00 3.430460601273691346e+00 5.635858964725437570e-01 9.938258686498102623e-02 1.788249178536613915e+00 1.749711332246645545e+00 2.993592135213736238e+00 3.835398304220856702e-01 3.114093214961239031e+00 1.742824512837316542e-01
3.639001585510220682e+00 1.883440806017708136e+00 7.599944665604482230e-01 4.623146023813901606e-01 9.826730381459620745e-01 4.561222993742470866e-01 3.496976547000170576e+00 2.622964662878915387e+00 1.745831607371122196e+00 1.200013660431696882e+00
2.664301533607427164e+00 3.200084237998559455e+00 3.126452011812911991e+00 3.320061513574924295e+00 3.048341456096278268e+00 3.656683232032883257e+00 2.070813039847557047e+00 1.156346659334272386e+00 1.295220688447303425e+00 7.476541409984420739e-01
8.878421643785914252e-01 4.629378968556865814e+00 5.893045734767835553e-01 3.330970997612176188e+00 1.607539093922562223e+00 1.701468067266115769e+00 5.004870743728417004e+00 6.748177300517917976e-01 3.301024425814362839e+00 4.680852972818893676e+00
4.789151114668619869e+00 4.061130427135694276e+00 3.997365467643732906e+00 4.270518986354611357e+00 2.323968054049808885e+00 2.031041370383415590e+00 3.097899404024407666e+00 1.240185799739749850e+00 4.605692214930903639e+00 5.777787997895664773e-01
1.860358849542592896e+00 3.610712943663848762e+00 3.916520222559587427e+00 9.428504728143759228e-02 9.946339589565211803e-01 2.161129617483197762e+00 4.408162715399146059e+00 1.122999619466693133e+00 2.524604135561558493e+00 4.473350642173250513e-01
3.384884815759002574e+00 2.829085502449010026e+00 1.791065370505054322e+00 2.041393934774327068e+00 2.923803506283836562e+00 7.303349630393938252e-01 4.028446775350795206e-01 1.747825094119233480e+00 3.224689576156768211e+00 3.569193761061331127e-01
1.266728843472586297e+00 3.487739686976793596e+00 1.668074466372944542e+00 3.246814234845340597e+00 5.947303590892155656e-01 4.123576751430587883e+00 1.064009950003814264e+00 1.621950938917471774e+00 1.646041437210856495e+00 3.024892497180488693e+00
2.724217786830753774e+00 2.346820792315538640e+00 2.094039310333220882e+00 3.335431925732332381e+00 3.058594685374814937e+00 4.359763392005682192e+00 5.350706890005866079e+00 4.138180657972021947e+00 3.528909176978743290e+00 2.545733579628903342e+00
3.738891453123272424e+00 2.916220046159850199e+00 2.945111740389419364e+00 1.209773579561728596e+00 3.814878234871877272e+00 3.641894082662465948e+00 4.084829961225331374e+00 1.622119258813269349e+00 2.826548852111011811e+00 1.795785276174926670e+00
1.500456314179458239e+00 2.325305017842948185e+00 1.163924195086849966e+00 9.812888193546228655e-01 4.050424899359548747e-01 2.290273755526786914e+00 3.606687882368378784e+00 3.507875679932835666e+00 3.346619446247211638e+00 4.502801438215644048e+00
2.492201587524921713e+00 3.104069224119834658e+00 3.833471137397029160e+00 4.706137193309732680e+00 1.898937705254417185e+00 3.124441304149461640e+00 2.806040483543214226e+00 4.214415048553171728e-01 1.358201418377786629e+00 5.024383877552487832e+00
9.938723779868761099e-01 1.989026834668237598e+00 3.608230155407372131e+00 4.857198458636471372e+00 1.966185439935975277e+00 2.557500285477415591e+00 2.659840339144980526e+00 2.733498464826719765e+00 4.088469091605554162e+00 3.148183149046146045e+00
4.377350638098854496e+00 1.988486781708147966e+00 5.105646507236617282e+00 1.544192383702984506e+00 3.581401593143951345e+00 2.424648594209510399e+00 1.668693152335396279e+00 4.062246009029129468e+00 1.733555540398886263e+00 3.324988143011097019e+00
4.425376558900483204e+00 3.467270190308930355e-01 1.988190060847585983e+00 6.628906642349253753e-01 -1.077622782371528004e-01 3.714333830936905390e+00 2.571253454971551555e+00 1.339285076481557257e-01 1.664686722866065116e+00 1.789603981804147370e+00
5.782823930991204398e-02 2.126607579459510511e+00 8.974040662162109383e-01 3.931325156524871467e+00 1.408775367640694887e+00 4.631593104798371385e+00 9.255539180038619973e-01 3.151519325464074761e+00 2.791731073900445836e-01 7.744948910682597498e-01
3.130708483305135736e+00 1.884115829483610671e+00 2.864753732249033291e+00 4.711944021359637524e+00 3.639000090933394826e+00 9.186552596903296841e-01 8.206674947283331134e-01 4.515242075686042078e+00 2.077516884233549632e+00 3.384214840281062564e+00
4.120110399239198529e+00 8.161037425605640605e-01 4.754266807997955979e+00 2.031654690257494345e+00 2.109006352424048547e+00 2.940573940721228130e+00 1.773257715230037279e+00 1.396265324846054146e+00 1.175974087246322908e+00 2.509073356691461143e+00
3.264009069901554039e+00 3.656857182589674515e+00 2.945471785636963435e+00 2.872423391031496021e+00 1.970072025214877620e-01 5.109572251545436039e+00 1.149329217692291794e+00 3.932336390092499911e+00 2.492316076959484761e+00 4.321658981310319447e+00
3.606524695217607768e+00 4.426905963479688566e+00 7.476525740452871771e-01 1.581550489122738767e+00 2.804813847846477692e+00 2.541938055899374826e-01 4.336228508798365411e+00 1.348944051372656050e+00 3.905473526148407259e+00 9.044770964947476122e-01
4.673798389338676529e+00 4.774847054003518387e+00 1.472066135475076587e+00 3.327978425410770047e+00 7.232131072898975166e-01 2.965021336422855924e+00 1.078324349256160719e+00 2.443506877170915192e+00 1.592703404769853170e+00 2.350343773175358919e+00
1.783632541593668241e+00 2.136637749101797823e+00 1.562111771062733911e+00 4.268089039572057763e-01 4.451562951162580717e+00 3.967300024370273626e+00 3.300165754124761541e+00 3.038865852086972463e+00 -1.508354748709073712e-01 2.576946709528232571e+00
6.930058151123102972e-01 9.705334250769592774e-01 2.666673102697008524e+00 9.437143373116855249e-01 5.008225240344568618e+00 3.386589558381370990e-01 3.342367377890580471e+00 1.571926919889242047e+00 3.414163997183020438e+00 1.439137666114812975e+00
4.389340572503080296e+00 -6.910740910094838318e-02 2.849695519776963337e+00 2.594071980518645848e+00 3.031991848254771416e+00 1.685731902690526196e+00 1.828205411088915655e+00 2.733535109773270300e+00 3.587170062696960038e+00 4.730155032759303935e-01
1.159752502307338284e+00 2.537463250006944726e+00 1.387012264215165658e+00 3.785430733783710089e+00 2.819051259660196873e-01 3.157549332237950424e+00 4.808939031693025612e+00 1.997416140728696665e-01 1.771715990879940028e+00 1.914655149992769312e+00
3.692603654815826975e-01 4.222500128235905592e+00 3.984023418861948773e+00 4.189838476773656950e+00 2.042733519073788861e-01 4.948433260026488867e+00 1.030412327943000528e-02 1.418013288035611774e+00 1.362825565318121157e+00 4.081110081617510765e+00
3.414245639910294727e+00 4.078724114664062483e+00 2.530964838137998107e+00 3.685744062559521694e-01 2.058165663179567062e+00 3.208576278793535685e+00 1.865692862081748560e+00 7.167825681527133508e-01 1.126092210307967356e+00 1.029316365261361499e+00
5.940375313583954320e-01 4.778279978009317142e-01 1.862020927406117243e+00 3.348840749400738392e+00 3.409623714837839881e+00 1.213329122892662815e+00 3.385488608228220953e-01 3.221955152092112584e+00 2.128793474195687097e+00 2.293685724235779766e+00
4.436957780444587662e+00 3.803757729727662351e+00 3.241938383835464510e+00 3.152350855575054123e+00 -7.736124394262648696e-02 4.234319959078227669e+00 4.335595139235781659e+00 1.216280275835984082e+00 4.261707060434163807e+00 7.981670654722898828e-01
5.152448593179146386e+00 4.563348074939215238e+00 2.985156118129692615e+00 3.787866169992752496e+00 6.991159128113130228e-01 4.346517199846463342e+00 1.574825943743433099e+00 2.708257254609941711e+00 2.172426400695653292e+00 3.741188053130537927e+00
2.073566759853183505e+00 1.659774003604180148e+00 2.799193846125072493e+00 1.530545954668503850e+00 1.529905981687279981e+00 1.620971071962840349e-01 1.154886397083319638e+00 9.401876932495677464e-01 1.685595807554990166e+00 4.268131340055719036e+00
4.254938959638590923e+00 2.539922349217540454e+00 5.432023802892519404e-01 1.959650621279030114e+00 1.491357080990911133e+00 4.265702724426017056e+00 3.074872698342989707e+00 3.299564707650909146e+00 3.088605364549766197e+00 1.682026203522668240e-01
2.984246276010795174e-01 2.497878096892266697e+00 1.553052589511199066e+00 1.310267349391015967e+00 2.710160359829051568e+00 3.148958968897232147e+00 5.864285276371282718e-01 3.895428670270925764e+00 1.699155500772133509e+00 3.669773314492632110e+00
2.828870707973746956e+00 8.323768345585673689e-01 2.490149036489139878e+00 3.322254101011213656e+00 2.876237061886962376e+00 2.203465538925518885e+00 7.475362399928037194e-01 1.244501229007494159e+00 2.225532849273085922e+00 2.266301991954693951e-01
2.973228920930603536e+00 2.735045121276664659e+00 2.640648437235783685e+00 3.063244046486625294e+00 1.455929014802654464e+00 1.756205262420819535e+00 1.536357438598930703e+00 2.355968130632049906e+00 2.842072558083649447e+00 3.336630629593349440e+00
2.686440571734979965e+00 3.199286363690293289e+00 1.958192241624462815e+00 8.732021799987037536e-01 9.359765099505571451e-01 1.201154293447358024e+00 2.035025039302870820e+00 1.173891190384469096e+00 2.783757627987636596e+00 4.498514282891258986e+00
4.336658125798973362e-01 3.953675435451175613e+00 4.613308664543882109e+00 3.650768360105876909e+00 1.466851504098391601e+00 2.556397508598315937e+00 4.159106497987515638e+00 3.717278825929660968e+00 2.682333932280177025e-01 2.662227878011742543e+00
7.802833939189781631e-01 4.890820750443327092e-01 -3.114076145738047668e-02 3.919111513971271332e+00 1.361791147793258716e-01 1.173558005351291067e+00 2.767391201575472248e+00 1.400967437976711638e+00 1.057588165010336256e+00 1.498329950328311844e+00
-1.496817290096345843e-01 4.149613393583423182e+00 5.895345947876946546e-01 1.751658653329250637e+00 3.205946477109855142e+00 5.184359509861887538e+00 1.636521095355830901e+00 4.658267949067762537e-01 1.194655449786481971e-01 1.928643505338259789e+00
3.903867934819503560e+00 2.520682224989510445e+00 1.245491829089495628e+00 2.673609087153641983e+00 4.092351369398130601e+00 1.771648710185834030e+00 2.421910685390243678e+00 2.904351385325874446e+00 4.714264189698134544e+00 -1.461395908779673514e-01
1.184117182702861371e+00 3.730856825966033963e+00 1.577187012013070655e+00 4.619306994058194338e-01 2.932151253315158801e+00 1.692261985658865875e+00 4.810153227458194181e+00 2.817922674223213964e+00 1.177453263182613785e+00 3.898950528266986737e+00
4.207326412329305931e+00 1.670483532093238077e+00 3.761683454529494597e+00 3.270566352660633669e+00 4.241290237803608143e+00 1.995382414562683948e+00 4.194520283571050889e+00 1.725194414420557987e+00 3.570685773482103809e+00 1.869956356558234223e+00
1.779253047842131563e+00 2.443782168382951259e+00 4.888505627210438576e+00 1.058905063569834049e+00 1.879188353245975884e+00 7.732430168827830741e-01 9.659539410493147571e-01 1.450377457425362060e+00 3.416424627777153056e+00 3.851290393143284696e+00
2.372237250437554401e+00 4.249652646235359654e+00 3.583768703231962949e+00 4.780963811482763504e+00 2.755070338800204244e+00 8.386834249255941121e-01 6.075995356118429891e-01 5.275586011405823950e-01 2.740881489835216289e+00 1.248999986591697198e+00
3.843182606868426276e+00 1.915503711981835222e+00 3.257276987289894787e+00 2.313604862136822593e+00 1.452512785955251129e+00 3.341892574420654682e+00 3.218675847873288642e+00 6.411382593949069841e-01 3.320323491500510649e+00 2.175259301234055975e+00
3.109563982250142633e+00 1.235558999744113429e+00 9.283966793780517035e-01 4.349300034985867924e+00 3.215264686038489028e+00 4.925046873016923676e+00 4.291437845171478749e+00 4.429903628725835318e+00 4.811444018933184186e-01 4.552548121284918814e+00
1.513255772470983196e+00 4.829541246032753032e-01 4.355676572858699025e+00 9.965208448454228041e-01 4.473116104678878990e+00 2.888434861819674904e+00 4.147470442187709772e+00 2.523228141333505814e+00 2.139876838494138567e-01 3.252839473743536658e+00
4.650603758758065531e+00 2.575905444919431186e+00 1.377434090241355102e+00 8.729392653403036384e-01 3.599374016041507751e+00 1.180208588559456651e+00 9.784502123495352199e-01 3.526289892879958532e-01 1.656092885603947407e+00 3.487186295692950466e+00
5.082313322802543887e+00 7.918550529080757849e-01 2.583029448260967698e+00 3.265463601440139918e+00 1.413814402140437243e-01 1.890386182728681863e+00 2.663848556431881232e+00 2.824072379262449611e-02 6.973081437658801285e-01 1.824440291344639808e+00
1.222312741314506068e+00 3.322223326785820330e+00 4.440324338189867603e+00 4.345142692219288172e+00 3.721213127464904624e-01 3.946912063231798662e+00 2.424907027450720509e+00 2.674284320933087322e+00 3.005573936004534819e+00 4.229012010253404341e+00
4.029000150589266305e+00 4.286117781557608808e+00 2.778733829615305240e+00 7.046963461880315638e-01 3.939749987447331847e+00 1.003704755624449385e+00 5.780910391799408410e-02 4.771977554586372960e+00 3.482697388287768758e-01 1.868380846385333971e+00
4.583689734211064959e+00 3.551818119324535505e+00 3.865041598408318180e+00 2.578154986570944551e+00 2.410230092506890465e+00 -1.133028328658899214e-02 4.100079851735695335e+00 1.586614713566313561e+00 2.123727502043963433e+00 1.715020614101269825e+00
1.354368017236098121e+00 1.785626018804371551e+00 2.458241699598258112e+00 7.985724373974484314e-01 9.620677719545842610e-01 2.503639192586367024e+00 1.865840326444675235e+00 1.392040147811838935e+00 3.575865625332071751e+00 4.787907792014162389e+00
1.239988520277446771e+00 4.148395189330895683e+00 1.414038215795974551e+00 1.402134334355039869e+00 2.625198456987430706e+00 1.012224259938947046e+00 2.411845232291921270e+00 1.628450202840093120e+00 2.086228303685913499e+00 7.230560063024081829e-01
1.136474816362181395e+00 4.000356996230431506e+00 8.272511118884424697e-01 1.572134496108664292e+00 3.908442690596492408e+00 2.703420578022223797e+00 3.635528026556586134e+00 2.472978038811404211e+00 -5.127555876548539615e-01 2.693103291427170642e+00
5.971090829124237054e-01 1.696986325195927403e+00 4.345671081257422852e-01 4.456286566265425186e+00 4.092768420063700674e+00 3.743047723545306571e+00 1.730717197440945432e+00 4.108566107396832479e+00 4.589220089315758422e+00 1.302078683206509879e+00
4.299779125938765212e+00 1.553939889235430583e+00 -6.206605375167474625e-02 2.201133074061013273e-01 1.324042515992229774e+00 4.760318582879819793e+00 1.926164502709403870e+00 3.929275469569571744e+00 8.357802763127235579e-01 3.250621125197171501e+00
