2.989503696654788101e+00 4.579070772415253288e+00 2.523033103729277027e+00 4.643933737858231936e+00 8.801153781655696173e-01 3.507282483696977371e-01 1.557349975605576420e-01 8.947723801463441928e-01 2.530755711813901243e+00 9.579837079898545493e-01
2.600404516051530557e+00 3.433139520624019614e+00 1.728201077005780961e-01 1.822888267601218137e+00 2.929538387214525308e+00 1.868468096761877195e-01 4.158616272320964313e+00 1.285201009687940044e+00 2.604056236960483606e+00 2.135291531520973063e+00
1.031105823104390140e+00 4.137932988872719875e+00 3.882449814970541091e+00 4.390093520098125701e+00 2.825427463385739912e+00 2.146644799520214253e+00 1.413056994898868046e+00 2.992850095970927438e+00 3.460054843637576649e+00 2.522116284571906952e+00
3.755895349307988518e+00 4.612713132616761413e+00 3.481892764049492772e+00 3.391872867233813871e+00 4.650450017145868031e+00 2.288930553776606480e+00 3.724939251176194510e+00 2.044267388290695209e+00 8.022322929464048569e-01 1.358499330626145696e+00
2.682410299483869665e+00 3.747654973864215755e+00 3.685653374000836369e+00 7.728240341332109908e-01 4.786018469568105616e+00 4.600666549464749178e-01 7.168625616610524443e-02 1.312258956915147046e+00 3.207572800654104217e+00 7.280320121718936166e-01
4.060784099489493926e+00 1.635402126161557668e+00 3.160768877646596309e+00 2.989860260331106190e+00 6.033450468536410982e-01 2.009625562378309915e+00 5.483544639501763962e-01 4.287146857760578911e+00 6.871779452589499293e-01 4.233242879927945346e+00
2.944688902979191170e+00 3.869922114016383752e+00 1.031049697481889016e+00 3.700802437530616995e+00 6.173152007369298033e-01 1.082416192645129893e+00 2.523678009598749217e+00 4.146042487358675643e+00 6.909749854080809994e-01 2.901447597994440741e+00
3.491457594630638539e+00 3.547561003751622088e+00 1.676980491421336428e+00 3.628338947009926763e+00 2.243862731584362447e+00 1.565150735738786825e+00 4.502764376071904939e-01 1.306311621189547578e+00 2.005273756354997161e+00 2.941263749167561059e+00
3.857975511778998445e+00 2.629838298645102768e+00 4.282315285048126974e+00 2.915727487104876836e+00 2.005436097068855172e+00 5.272433971358214677e-01 4.895710086273275863e+00 3.767403839691175982e+00 2.808915479786829206e+00 5.846112839032957531e-01
3.130139729638300672e+00 4.774626997934900530e+00 2.725292760480482634e+00 1.215171110190075288e+00 1.948819586629492839e+00 4.697026683827814075e+00 4.563959723595306883e+00 3.468811555205932873e+00 3.631546947064588249e+00 1.922189301999490674e+00
2.109671825582366544e+00 1.307963734919989740e+00 1.178519755432747562e+00 3.223790944141299963e+00 1.817132056602390300e+00 3.926796789479835681e+00 4.098601097561874518e+00 2.773381877257321992e+00 6.244116744911321071e-01 3.825217879056863612e+00
4.452930990744521367e+00 5.669300365912866013e-01 3.767094699006043879e+00 4.824257580551034152e+00 3.104687884093282335e+00 9.316718562145587246e-01 1.594020236355919717e+00 2.957527995309669144e+00 1.181310419297927350e+00 1.153400393559613324e+00
2.835526086939125001e+00 2.697141200790176274e+00 1.313654198425813657e+00 9.426622677697132913e-01 3.099852017360371192e+00 4.023859227416791029e+00 4.285914496446385336e+00 2.047702419579437993e+00 2.181586373151835456e+00 2.232028220832970700e+00
2.784283987719562425e+00 3.540922940825186327e+00 2.448443706462281710e+00 2.283906347897683098e+00 2.767886045739849976e+00 1.846746309011516596e+00 4.725077035981389173e+00 8.993619538920916145e-01 2.716784158217471212e+00 4.051778947541205156e+00
4.057395071919819074e+00 2.274409897782585954e+00 3.338156745531090097e-01 4.401564957150148949e+00 4.969893047325861346e+00 3.070656448842571606e+00 3.887505315286805541e+00 2.266237536663236796e+00 3.090769658379441509e+00 3.139265542279409793e+00
1.337706638052162500e+00 1.555843123758946067e+00 3.082438900185335839e+00 4.231002465025511583e+00 4.758133380639841370e+00 1.374475565372840880e+00 4.805826508482777371e+00 3.128822302133455580e+00 3.773664184186380055e+00 3.796795877940775554e+00
4.598298856065790474e+00 3.025536265594238827e+00 2.497104751794609889e-01 2.378750542382988442e+00 6.882877192613634509e-01 3.949848974238888921e+00 1.599047494501064204e+00 3.771038816922324788e+00 7.500227669605302738e-01 1.691280073018842645e+00
4.293681332701226872e+00 1.172399061293188938e+00 1.785507174676834286e+00 2.342875343218137063e-01 4.795195813153264375e+00 3.058365888378202779e+00 1.345778856221188757e+00 5.617276960005412878e-02 6.607326776524230505e-01 2.562280578186153956e+00
3.375737764276754316e+00 2.918543567703713038e-03 6.151438160823996526e-01 1.484840751774150647e+00 4.863847297131152381e+00 2.684962092427377378e+00 1.424851827932552162e+00 8.754618314499429399e-01 1.034721460454714581e+00 4.881012798349389392e+00
1.375709082316914911e+00 5.407557985860861338e-01 3.892362400073417383e+00 2.188800290827534578e+00 1.214122367302632455e+00 3.876139472254780394e+00 1.695553218022062270e+00 4.271698022237752745e+00 1.691298106584645522e+00 1.547085324447251553e+00
3.806795720050121234e-01 1.808565095535599188e+00 1.570130104875868682e+00 2.138965276607323052e+00 1.678468827125958018e+00 1.102792917838843589e+00 7.270954885980918103e-01 3.247439996138801188e-01 4.976094193141825883e+00 1.585204182120594218e+00
1.355543489449082983e+00 4.911283568663002086e+00 2.684733115244823498e+00 2.354577090802801198e+00 4.914664678350158411e+00 1.340490734639943504e+00 1.852435394083212783e+00 2.819197830638718205e+00 2.877914257540128862e+00 2.488720028964794828e+00
3.681363577181158586e+00 2.769165728044963082e+00 1.800095783069771693e+00 4.200472951712330705e+00 2.861503605949372586e-01 1.444983440248481354e+00 3.540404527370254684e+00 3.308695504061951009e+00 4.985619336137790292e+00 1.603948483060797514e+00
1.836511434973088885e+00 2.062162807287898580e+00 2.628378332830666686e+00 4.409042339791835019e+00 2.081976190313427288e+00 2.368880607318027742e+00 4.421509742548623834e-02 3.609244697859149031e+00 2.423269818908049711e+00 4.370533882301773865e+00
1.845046686316987206e+00 3.350067733670933912e+00 1.945945644159958743e+00 4.477306208497516593e+00 1.244036314034630664e+00 3.515427128529759582e+00 8.731440360156300651e-01 4.807979916642691975e+00 1.756418848982265191e+00 1.764867110136328909e+00
2.919997342739472757e+00 3.847049436453691129e+00 2.388840691852232023e+00 2.791428651327849675e+00 3.901150183322934506e+00 2.214154676724702675e+00 2.425815706984050912e+00 1.335440506191418741e+00 2.888727081310272560e+00 3.865754365506335333e-01
2.445437043159470303e+00 3.586618980835815762e+00 4.275843800192522970e+00 3.792745979121307620e+00 2.361818542228933282e+00 3.146684007680616624e+00 9.785936642874021318e-01 3.879189541100183547e+00 2.417179080272444214e+00 2.878187240541914882e+00
2.506806404226673113e+00 4.289690210574159224e+00 3.488321491490799620e+00 3.816295833238815938e+00 3.474837029680357237e+00 4.958208642621608320e+00 3.422288881562491891e+00 4.539731892040975048e+00 2.605165706235004652e+00 2.121711344580094583e+00
4.170835665880238352e+00 4.907185680187325927e-01 2.216396916919518567e+00 4.557095631399477043e+00 1.009637159392932748e+00 3.008842813303207464e+00 4.719721371437532120e+00 3.209805457153640962e+00 2.502407627723718164e+00 2.813131706206519755e+00
2.459641735773496762e+00 5.471683703540336507e-01 4.638883617592061803e+00 5.793477510166178401e-02 4.470912496038991435e+00 1.612953313052239990e-01 2.537622467772285617e+00 3.541640572520271535e-01 1.271073949785115342e+00 7.040203475003059541e-02
2.097593615929151944e+00 4.764975562364151429e+00 2.936103449371183061e+00 2.155223261835649495e+00 3.625981101250798755e+00 4.561018195415494247e+00 4.883522188842895240e+00 4.765990064715739827e+00 3.919631758315091474e+00 1.381337761700087263e+00
8.981386014942588369e-01 4.955362429895179055e+00 1.737357113222042670e+00 4.843243826882931202e+00 3.795018447327382471e+00 2.567660664080275712e+00 3.009607854335932586e+00 2.131045803914981551e+00 2.509585219785075871e+00 1.980620287857716821e+00
3.999219578666947772e+00 4.448102291631328420e-01 1.153913555052967777e+00 3.774454215903773058e+00 3.882831663282690471e+00 3.336831294787680591e+00 6.147946151685612648e-01 2.122336038620442622e-01 1.452523013057144929e+00 1.526926255971543078e+00
2.185751023450244190e-01 4.379915930997587026e+00 4.897432410743387088e+00 2.765994880006509948e+00 3.375215319598245944e-01 1.327630585894814530e+00 4.004294628272016432e+00 3.495588470068577536e+00 1.240682702990383302e+00 4.564067993219607544e+00
1.466661075158317118e+00 2.476537250950224145e+00 1.988126244507925744e+00 1.582920935315393907e+00 1.413592624020716393e+00 4.151964604476539478e+00 1.933413571234772643e+00 1.188753227449790728e+00 7.223101395314268647e-01 3.829857790874604984e+00
4.242514684493686516e+00 3.813639463636166571e+00 4.068251191060245020e+00 4.355710447218019254e+00 2.876657327726635405e+00 4.197483707390166074e+00 9.929582229085703871e-01 2.815295597681211071e+00 1.012126067962210163e+00 2.085681241753994941e-01
1.857787837083330729e+00 3.280382652596927961e+00 7.203918900571282258e-01 3.571019919809627741e+00 6.468744401487019902e-01 1.176828560182495043e+00 1.394430141463034012e+00 2.232853864358694818e+00 2.910237198024790306e+00 1.613160474316299275e+00
3.732919021886202504e+00 1.491203622695192355e+00 1.823008634006600293e+00 3.029119715560146808e+00 1.838944530253638465e+00 2.975524851221069245e+00 1.298521549537959174e+00 2.062341956071895410e+00 3.984185347383167652e+00 5.711133521610628483e-01
9.357670187551270224e-01 1.444912956576283047e+00 1.613548595187808132e-01 2.763787599604286882e+00 1.168646336785428286e-02 7.266219472329665807e-01 4.685731961403972967e+00 4.526141144616308232e+00 4.274475944379782177e+00 2.330340228035688188e+00
8.866041996543860826e-01 3.185163116083350232e+00 8.302752712010469383e-01 1.511988136289204032e+00 3.642545198527900929e+00 1.427938392714951377e+00 4.564327476419510532e+00 4.089794986287150991e+00 2.105199709889731263e+00 5.822492433433035242e-01
1.174662013204624822e-01 3.805163171011380463e+00 5.035464183991006371e-01 7.071466683522159569e-01 6.245092431780036035e-01 2.069216799926421047e+00 3.263002558360441174e+00 7.616884662598721878e-01 5.124875506170023520e-02 1.930688568133991367e+00
3.383534550785094019e+00 1.873543655397742924e+00 3.099956357165105203e+00 7.166249037063926464e-01 1.914422157063403462e+00 3.873325354106345486e+00 9.433905348435467353e-01 3.858637784253112102e+00 3.848694771331435227e+00 1.220504686626987523e+00
4.480665582110924028e+00 1.010589254534274284e+00 1.749424374931424886e+00 2.702784314299566670e-01 1.033289004031967107e+00 9.958167070588785919e-01 4.222084167488776352e+00 2.492634760602907118e+00 2.793770988662501065e+00 1.807911312256382352e+00
2.978735759552558982e+00 3.445230240158879909e+00 8.264029545430678914e-01 6.109200193040897897e-02 1.544630756754669765e+00 2.145269624270211395e+00 3.132435511875391487e+00 3.496333645951082980e-01 3.140488289188781312e+00 3.021356029204674831e-01
3.635928946837133857e+00 1.758527265665276174e+00 5.592254605730534456e-01 5.685751785767667599e-01 6.820622714842727863e-01 4.043814210964741251e-01 3.510672648921453476e+00 2.685228038571879416e+00 2.030640444746390383e+00 1.249810005510652466e+00
2.443409904221716111e+00 3.085343466201414309e+00 3.079981010752314674e+00 3.116659414610482681e+00 3.655287540996134510e+00 3.470317364608796584e+00 1.835956233984870067e+00 8.031772025480843347e-01 1.426742984186437191e+00 9.656324377460556718e-04
1.015887580756624775e+00 4.931422252860860667e+00 4.640973990676694472e-01 2.945898668025508371e+00 1.834631760238256692e+00 1.498705572170855760e+00 4.769764991736301418e+00 3.566802364290955207e-01 3.497779053268447846e+00 4.567291993584913889e+00
4.926455032038906445e+00 4.058861425053587269e+00 4.185243360063846119e+00 4.030157132974634848e+00 2.488580761589714641e+00 2.518079639067668296e+00 3.114906369059889713e+00 9.335051087272816517e-01 4.949016026343372232e+00 4.862005022362786422e-01
2.009632589655543367e+00 3.000715261542562295e+00 3.956723661925049207e+00 1.072993223584267630e-01 6.679474841950105990e-01 2.134159296020015084e+00 4.439403745188399419e+00 7.326069000120394303e-01 2.717663975691287703e+00 3.449366624396954517e-01
3.191156562693040932e+00 2.679369451880171837e+00 1.744603213846250833e+00 2.377658072230472985e+00 2.662168114875596014e+00 1.300845779275511260e+00 4.767261982612336357e-01 1.530081948479053988e+00 2.900326535556586371e+00 8.379909377349847865e-01
1.449941146679267323e+00 3.685440733980120509e+00 1.361951144617399301e+00 3.216817572244561330e+00 5.065724446647179580e-01 4.323807382784720765e+00 1.510333406235027098e+00 1.709216637565819763e+00 1.595214354481786057e+00 2.851607634424969007e+00
2.555374296069105711e+00 2.230842642058371794e+00 1.859935138719006620e+00 3.358053023426086803e+00 2.983903401274458744e+00 4.605910287539960457e+00 4.956115053756194655e+00 3.908326052702316034e+00 3.431921199901146746e+00 2.592056890118547674e+00
3.590011729449091415e+00 2.804793040691052397e+00 2.755213986466122922e+00 1.267618582935868821e+00 3.588313164652435105e+00 3.845995279895093155e+00 4.069363570237331196e+00 1.674802905861993541e+00 2.641693867015835639e+00 1.610723440233518655e+00
1.487485830143826071e+00 2.406426835402129427e+00 1.233174903217555407e+00 1.134593067616845197e+00 1.134905585789935945e-01 1.976034773113304777e+00 3.467759462606109899e+00 3.654215774612146195e+00 3.506587772842415074e+00 4.913367901322091669e+00
2.388911346301440197e+00 3.334213706064781402e+00 4.132835216271883105e+00 4.641061887829193822e+00 1.454722496874369941e+00 2.965204453639286974e+00 2.635536157918612066e+00 2.884840379910541541e-01 1.297763859668434883e+00 4.975630814549313108e+00
1.007995066340904300e+00 2.349051987668733243e+00 3.774230730400907952e+00 4.604062362082567361e+00 1.642531640147022909e+00 2.471530240690005709e+00 2.723891852549543025e+00 2.740476612616988827e+00 4.172318887570454216e+00 3.404593915552880379e+00
3.894461995659690423e+00 2.228960262890705035e+00 4.752364303774508691e+00 1.186014165484947647e+00 3.521786884486637348e+00 2.640081158633317493e+00 1.889247042193465953e+00 4.166449772547513142e+00 1.986829372878149869e+00 3.098110841270225624e+00
4.354840356906223953e+00 1.022692176723960511e-02 1.986699583332800945e+00 7.514383042963712622e-01 1.270513940069828429e-01 3.816500331505441324e+00 2.471157288788884188e+00 9.515140182591863560e-02 1.606841311222639401e+00 1.415773379258064679e+00
4.572399067786281357e-02 1.648170521041990577e+00 1.509140907975372148e+00 4.218031135921533448e+00 1.139007621715372842e+00 4.413368643927597645e+00 9.917125240286162047e-01 2.773798940777948197e+00 6.521853435023872159e-02 1.191331864501620208e+00
3.172641674211505336e+00 1.481148016873672368e+00 2.705215114635468154e+00 4.442477549281830917e+00 3.628440112964983477e+00 9.205384759243645520e-01 6.489035875290660726e-01 4.262749136293998653e+00 1.759288691823224671e+00 3.604864682980060575e+00
3.827120625061351422e+00 1.034801293075598316e+00 4.894926348356191781e+00 2.243749635674829435e+00 1.819887402382646124e+00 3.019768810925226976e+00 1.645339315514185330e+00 1.569063489977285286e+00 9.492532463217595584e-01 2.644655805630471868e+00
3.063517678682705192e+00 3.558898109449712965e+00 2.806626039175732501e+00 2.985549367869647419e+00 4.765723492202622591e-01 4.980356675808240929e+00 1.158059106958837958e+00 3.990724114022179414e+00 2.407155642282479135e+00 4.044213656377514177e+00
3.523793894522024850e+00 4.326296508968948018e+00 6.066451854911203423e-01 2.079499708274571645e+00 3.025599660618003117e+00 6.187756614966571922e-01 4.223365618227416185e+00 1.307761028307620199e+00 4.052779909996878871e+00 1.184892403454099075e+00
4.581556487445721970e+00 4.851008739152073090e+00 1.405084345594385109e+00 2.902584994425195575e+00 1.033277834089618707e+00 3.161432859504087034e+00 1.221208410263921351e+00 2.389723143303537967e+00 1.484544292433538359e+00 2.384547032475710093e+00
1.253983573579211086e+00 1.985883431060336823e+00 1.301592449063568413e+00 3.512778995188697850e-01 4.309052840624788772e+00 3.491554958038998180e+00 3.108191165700333158e+00 3.019993068629207134e+00 1.371656817030725284e-01 2.523056175054849248e+00
8.413040039808933335e-01 1.400866335203505564e+00 2.594322626517969965e+00 5.743496701683314942e-01 4.635004723757877976e+00 5.076287939006546290e-01 3.411821966544759110e+00 1.651200517776569843e+00 3.653512045283354936e+00 1.232329563750554247e+00
4.549495578015782193e+00 3.057367388707926681e-01 2.678001541749887693e+00 2.067104704339162158e+00 2.899921190064574716e+00 2.073599076181751766e+00 1.512133107228975648e+00 2.438899248993174673e+00 3.522711377109181807e+00 6.103757349195676474e-01
1.208493547275069524e+00 2.361753334452938002e+00 1.250116541416913529e+00 3.330109670356437679e+00 5.149112710488717992e-01 3.222888729452319634e+00 4.579568239311598177e+00 5.100490844912392019e-01 1.601191924381764498e+00 2.062669787305891234e+00
3.771233970045845263e-01 4.438698282050359545e+00 3.855479030538794483e+00 4.038846975101106018e+00 2.385016312393817284e-01 4.916034149376705464e+00 2.987856906144320535e-01 1.099870388080224082e+00 1.248347798843501000e+00 4.152942237347264864e+00
3.232170990360356377e+00 4.063009688810302222e+00 2.809433342536499900e+00 3.469076912060031770e-01 1.977459024610337845e+00 3.451588948024389314e+00 1.548062940011025290e+00 5.033773119382023431e-01 8.387013678854532417e-01 1.450157279740554861e+00
9.426599408976293892e-01 5.873816667099968081e-01 1.640845601913204499e+00 2.751152220082231370e+00 3.256789986971421857e+00 9.830525302552417521e-01 4.911549997846414994e-01 3.554324992235777803e+00 2.037063981351425301e+00 2.001772577412516796e+00
4.802020623583178605e+00 3.888023616977708485e+00 3.355662728237050807e+00 2.987037607965433494e+00 3.005091276035032344e-01 4.593319773660404337e+00 4.450478619394296231e+00 1.034195633590781593e+00 4.100147434868984142e+00 5.258532144124938856e-01
4.873968893169494443e+00 4.526615507841789565e+00 2.610393718067947066e+00 3.831009006224342706e+00 6.765109822384296479e-01 4.407477788959520915e+00 1.410314000324936590e+00 2.748824747542535363e+00 2.320402612960139166e+00 3.655699494898796864e+00
2.344478660904884659e+00 1.861337255326751983e+00 3.030566617415180630e+00 1.504507723436642852e+00 1.682315203975243145e+00 6.113863905746752536e-02 1.174527511707684768e+00 8.283059669624320831e-01 1.146616322770675378e+00 4.526854778061854212e+00
4.395905139135540374e+00 2.556190350673092748e+00 5.298668572204678906e-01 1.795563086328350710e+00 1.552464403568213358e+00 4.402195947563414258e+00 2.685199596304830738e+00 2.903064612444572035e+00 3.018960799961346808e+00 2.899010586991812577e-01
5.989730081563054975e-01 2.229007539395847282e+00 1.528700100927847139e+00 1.433572456169780907e+00 2.331796328876252655e+00 3.023661204404475278e+00 1.002000475054984463e+00 4.186587632702300610e+00 1.466861118001097530e+00 3.572556951125561042e+00
2.826414849464087720e+00 1.252807188727703691e+00 2.489970897898714952e+00 3.102441990253663739e+00 2.882996751986437900e+00 2.045476678831394501e+00 4.790400366324548687e-01 1.549125420223429028e+00 1.965726671546461191e+00 4.138577861275338776e-01
3.447235409035549480e+00 2.241525379729869538e+00 2.882053427809315949e+00 2.843151698718831888e+00 1.546390288584423844e+00 1.327804771270274520e+00 1.509898609612548182e+00 2.537362245901664259e+00 2.998978871544438096e+00 3.304898100497988267e+00
2.543145748687746899e+00 3.098376053828633125e+00 2.018895710492733642e+00 8.897835335234394183e-01 9.039146589923441333e-01 1.051580297832168220e+00 1.817141055471637845e+00 4.001580706580037949e-01 2.877256599627357581e+00 4.184334321503711429e+00
3.790660368070436492e-01 4.083208014868167979e+00 4.564756128609579022e+00 3.599212090579933410e+00 1.793246478861941107e+00 2.518694572507519602e+00 3.934725303992526513e+00 3.871282612484695740e+00 5.220763852089049806e-01 2.221017541562088748e+00
7.101835168610681759e-01 7.811555532094510701e-01 2.218695083346211572e-02 3.757440488852781701e+00 1.978628928857645297e-01 8.851118223058140888e-01 2.653959533772660695e+00 1.410526734217810052e+00 1.250819691141376477e+00 1.878825783256187210e+00
1.200160233294211842e-01 3.913831069585273603e+00 3.517020005987786524e-01 1.766787492588890007e+00 2.774334888265994614e+00 4.898021563330130945e+00 1.406732231872698691e+00 7.880708470046104974e-01 4.133774638686033009e-01 1.949563425636948288e+00
4.091109207219124855e+00 2.805817440343167934e+00 1.211169894178877326e+00 2.589423701100505681e+00 3.776354086472996308e+00 1.929002951662310394e+00 2.259611081100401098e+00 2.800871553742903863e+00 4.638523932723567889e+00 4.525414855624299015e-02
1.188554627586865253e+00 3.882323378626168608e+00 1.692077265805574271e+00 3.537611351214448030e-01 3.056080435930044636e+00 1.414362899664240558e+00 4.484323301434605114e+00 2.603942071020909133e+00 1.026982990711177157e+00 4.325567449349066784e+00
4.251884463810034376e+00 1.824479406448508145e+00 3.827498687286398749e+00 3.518353245915689875e+00 4.315374751896992933e+00 2.042390768569998905e+00 3.860512029358620367e+00 1.968143174766828096e+00 3.616587329547931162e+00 1.766511143786782423e+00
1.356927919288751783e+00 2.411051007775228960e+00 4.456890586883655914e+00 1.265500643479855913e+00 1.670747583928536173e+00 9.042045655323349695e-01 7.593236271133413373e-01 1.504571539381631684e+00 3.965486826978086299e+00 3.813131983808172087e+00
2.600564503175074371e+00 4.228939340068118113e+00 3.559331263840972870e+00 4.589972333507729374e+00 2.706029068563883477e+00 7.600070788291629631e-01 7.821850668065649659e-01 6.397449684084666188e-01 2.584283902901505670e+00 1.236169748775046262e+00
3.498641413182268511e+00 1.842388256350451670e+00 3.482037728674191701e+00 1.871007659936665402e+00 1.373105056514791755e+00 3.313421776911207761e+00 2.889313739422535221e+00 7.880519623592080469e-01 3.341470263896295201e+00 2.266588036431989028e+00
3.335577375785939935e+00 1.351359732852213558e+00 7.378564843071228063e-01 4.249976933004778523e+00 3.216806063017609407e+00 4.536256651120477379e+00 4.494771696153145868e+00 4.526924290189445976e+00 4.276475264649282071e-01 4.711682071497256707e+00
1.439796500634780596e+00 2.113526863879444662e-01 4.353142986113966550e+00 1.019859502531351048e+00 4.962550348925295118e+00 2.777589945779283198e+00 3.812720744267439787e+00 2.659116791282344572e+00 4.222160673446218038e-02 2.996121807471641141e+00
4.598401571862924087e+00 2.475517809068709774e+00 1.487470094037821156e+00 8.538276766238805937e-01 3.402137947458544254e+00 9.379282225687285424e-01 8.262024646609877898e-01 3.490193636898680785e-01 1.424693790165975749e+00 3.120561007395411757e+00
4.672359545980659057e+00 7.932762733161208279e-01 2.346105047244945840e+00 3.194111912031463607e+00 9.373399530446746564e-02 1.483548894936878026e+00 2.905748596463250788e+00 1.232188746064616369e-01 9.145360068043068003e-01 1.694982785435095618e+00
1.486298697909970157e+00 3.313588852189143452e+00 4.903129292407061968e+00 4.359366773805416706e+00 5.336038400991610642e-01 3.676583742934011134e+00 2.371665088272588040e+00 2.693545797703212230e+00 3.121042025366929540e+00 4.007210784240514023e+00
3.706860497173617652e+00 4.437842360508859052e+00 2.875478142447025931e+00 1.923304859620172946e-01 4.180280725113366458e+00 1.216321318997188872e+00 1.028806073393223608e-01 4.536764088047592125e+00 2.420873277340251928e-01 1.698455913104787163e+00
4.286170803870891888e+00 2.971595489905609178e+00 4.222760214247137434e+00 2.757470977854088900e+00 2.473847897050015732e+00 3.357879267440078142e-01 4.364006923503366053e+00 1.724143824534831726e+00 2.037095687342210582e+00 1.579632914517609121e+00
1.378100853962059835e+00 1.817693246509253235e+00 2.390090285114924384e+00 3.468667285023918634e-01 9.834320180513966836e-01 1.942578031563208629e+00 2.144399697972593444e+00 1.155316487183398744e+00 3.604501529600491416e+00 4.762933957467602397e+00
1.222281395528448389e+00 4.290019300932688573e+00 1.149949112698657849e+00 1.071413650357111003e+00 2.723875473404977932e+00 9.831816752519395575e-01 2.232107246298163261e+00 1.186995553691103655e+00 2.179981929776817040e+00 8.298105563584123878e-01
5.637633816210901871e-01 3.852200710201011624e+00 7.930328000358743967e-01 1.623669444779040072e+00 3.998174597671360075e+00 2.487025389214464255e+00 3.961921392074568615e+00 2.703384397746476431e+00 6.695428483851351142e-02 2.745392813586277292e+00
6.930495040821865738e-01 1.642078145857938765e+00 3.994507184466744576e-01 4.320812894334833842e+00 4.037972523009437431e+00 3.539416760743743673e+00 1.578472678852795408e+00 4.054165443600211916e+00 4.840929155537845752e+00 1.471578265355736992e+00
4.381205665557292406e+00 1.347344195215782747e+00 5.166964213841551690e-02 3.672464805913522312e-01 1.205567442325812255e+00 4.964922157264698654e+00 1.694000557788688521e+00 3.800438501016758952e+00 5.654869979226928578e-01 3.215907615667323860e+00
