0.000000000000000000e+00 0.000000000000000000e+00 0.000000000000000000e+00 0.000000000000000000e+00 0.000000000000000000e+00 0.000000000000000000e+00 0.000000000000000000e+00 0.000000000000000000e+00 0.000000000000000000e+00 0.000000000000000000e+00
2.826710874045066380e+00 3.300376061120771976e+00 1.222498531279890971e-01 1.714480410017569012e+00 3.132894887854199339e+00 4.839756169936179631e-02 4.002370226553421340e+00 1.321006235519759375e+00 2.648465527939321440e+00 2.390111590453931179e+00
9.080005507573419843e-01 4.195431526639459285e+00 4.009167520792049189e+00 4.451858751356748023e+00 2.962962506482783809e+00 2.004147201568856396e+00 1.456670404542101727e+00 2.748668661526578294e+00 3.462392069024322172e+00 2.591089270793192956e+00
3.645591587592521776e+00 4.961152458597537063e+00 3.596632930028679009e+00 3.501560155925959261e+00 4.904886686994087697e+00 2.016012249086398533e+00 4.217811100588208184e+00 2.422563991408586137e+00 1.001574869440494453e+00 1.337781392869217711e+00
2.623654147876270493e+00 3.920698370071564742e+00 3.836348657644461646e+00 9.406145658927947961e-01 4.678779762612226278e+00 1.333896804987516893e-01 7.732786989638770758e-02 1.149762068564751383e+00 3.206939911213420480e+00 6.597986113157414678e-01
3.817338737273555882e+00 1.521984642329578863e+00 3.360351996218662318e+00 3.113710510934479814e+00 5.202199934552148575e-01 1.783654754551067478e+00 6.708243775023140509e-01 3.837634491436971551e+00 7.615006462306767032e-01 3.965113095420335743e+00
3.082086343047389043e+00 3.656142831230206891e+00 1.206987860679332503e+00 3.901341890698902581e+00 7.646090631258477543e-01 1.244070148815444199e+00 2.277979982557416516e+00 4.635410187404788829e+00 1.067429883199725982e+00 2.855707408527880187e+00
3.726099559501538039e+00 3.592999268260952839e+00 1.688636515692099271e+00 3.279273711630826593e+00 2.241171900566240716e+00 1.699269902751280759e+00 3.108959286529071608e-01 1.250968283882339493e+00 1.818164750297414756e+00 2.738962355039303631e+00
4.111214384370317276e+00 2.902003509482915966e+00 4.415476878009061856e+00 2.604624959329739919e+00 2.463696112695440199e+00 4.477220757419489439e-01 5.127224249583214544e+00 4.139827497858644456e+00 2.859598400966141707e+00 6.012533923784771916e-01
3.224666421999788923e+00 5.085919240007695130e+00 2.594886757486707385e+00 1.019286614504632871e+00 2.168359839558431368e+00 4.786630813829771292e+00 4.858427012307923398e+00 3.593429225539910288e+00 3.697559468641974600e+00 1.946236164623093901e+00
1.970797775543146280e+00 1.052921330948101364e+00 1.576697517326445253e+00 2.991179097793647657e+00 2.038103305495082118e+00 3.957764602804386023e+00 3.602454747380818390e+00 2.706445631728487289e+00 5.141449826330786177e-01 3.683837591427243208e+00
4.574021846731252339e+00 7.732638286672351979e-01 4.065248624203989358e+00 4.766536222834579561e+00 2.900448208839740083e+00 8.017881699499331827e-01 1.306111111480583453e+00 3.026213569979478546e+00 1.330369160627393965e+00 8.904481605529112054e-01
3.126398382961656619e+00 2.998234678046684643e+00 1.076658218312956938e+00 8.896916956875583482e-01 3.491539693162574842e+00 3.948802321348103384e+00 4.095506506676652947e+00 1.761793243891042193e+00 2.280031444314263300e+00 2.211478049932561252e+00
2.494126961085190608e+00 3.245125081171839732e+00 2.667728683972625969e+00 2.173289433773192059e+00 2.925886893350411189e+00 1.634602854147599427e+00 4.882217756732571523e+00 6.616686712228052603e-01 2.794340056678206619e+00 4.399972481702729254e+00
4.000712318864191985e+00 2.107366964183805091e+00 3.837499342483697840e-01 4.717968406630098421e+00 4.997926966972795704e+00 3.596626539371874820e+00 4.067702779612763386e+00 2.140238846149193463e+00 3.613887650382926253e+00 3.055013302456226043e+00
1.290595954353159769e+00 1.708507539116161489e+00 3.169155461781600902e+00 4.581090636313950526e+00 5.020630190907412249e+00 1.448594604553599119e+00 5.106963806042502441e+00 2.918573091765729099e+00 3.492456751339817256e+00 3.657483181730596833e+00
4.641250233637785882e+00 2.963522407838219852e+00 4.847719799880934044e-02 2.444269635888455916e+00 9.507206761313108379e-01 3.882481969544196332e+00 1.643258413602579404e+00 3.877643570076240387e+00 1.008469139739381459e+00 1.977911700456832289e+00
4.637317873577911698e+00 1.343966418952580177e+00 2.090057609593028332e+00 3.366659912666646326e-01 4.697338091735921317e+00 3.068992911567633541e+00 1.599380582744362789e+00 -1.107323410334193486e-01 5.251353052247192954e-01 2.644516157696078729e+00
3.473085045073733390e+00 -2.431385143532034387e-01 1.890961366727534343e-01 1.588066231821982699e+00 4.501515373670829767e+00 3.068488708576686985e+00 1.125892405401075047e+00 1.062547654630511706e+00 8.371018091489560442e-01 5.478980143348161747e+00
1.772497578880676494e+00 5.118989766583655898e-01 3.648425965166973928e+00 1.670166358091446757e+00 1.158455113518374047e+00 3.985229171799899994e+00 2.076020424516922702e+00 3.776436544862997291e+00 2.028393379130084107e+00 1.706413258464316796e+00
2.418361683211354973e-01 1.326302530209144459e+00 1.702999650297074119e+00 1.818890079183779873e+00 1.822649802235595473e+00 1.107998752673105880e+00 8.183446903475591894e-01 4.195327480651935836e-01 5.280749730848113721e+00 1.189940950529671193e+00
1.224663982952105767e+00 5.357177366386715711e+00 2.508794727232839694e+00 2.640401430575445296e+00 4.948472580975496804e+00 1.551118342772549674e+00 2.082986976878989704e+00 3.449308774414677536e+00 3.303516997510150155e+00 2.780032594956104663e+00
3.634792668297981422e+00 3.043087357777516377e+00 1.690045745781213693e+00 4.022845403855999535e+00 1.574984904380717365e-01 1.410718565409791792e+00 3.918150671458362044e+00 3.434659522905648465e+00 5.025237013769110028e+00 1.519351958453725393e+00
1.826871571268375849e+00 2.352246449477744861e+00 2.493227972704369577e+00 4.051045467339528194e+00 2.279633153806096324e+00 2.477461647184238114e+00 -1.195196658391154548e-01 3.710384570138665072e+00 2.598426164265256411e+00 4.416989119226187199e+00
1.693445839626783078e+00 3.461426217227419500e+00 2.251926785240974116e+00 4.455292634339585334e+00 1.369493482430340192e+00 3.557519861298950481e+00 1.252911987650452641e+00 4.764865587079957443e+00 1.725211570651391302e+00 1.633345784175133986e+00
2.831900574686120553e+00 4.082917185522639159e+00 2.259018697380382079e+00 2.804070738402030916e+00 3.937240541025594176e+00 2.190998164691148720e+00 2.140898696581731819e+00 1.654430001260180694e+00 2.949259037578860543e+00 6.280059584589501309e-01
2.081514389424702571e+00 3.562412082887937981e+00 4.092884530762641582e+00 3.918547790573644996e+00 2.494726849944365110e+00 2.964059778157161595e+00 1.005132686246156259e+00 4.289052283698687518e+00 2.366341832347235385e+00 3.184028724228632257e+00
2.116227628899445712e+00 4.584748128626990216e+00 3.198179775065922659e+00 3.253782438220750084e+00 3.367655395032033372e+00 4.928988245725864914e+00 3.349792905416989264e+00 4.763979108407500718e+00 2.770154549258747156e+00 2.395115145348369001e+00
4.099159368173363127e+00 5.349810921445434797e-01 2.311324275897524316e+00 4.769483586647085716e+00 1.200838383377816010e+00 3.118923405359721901e+00 4.803281509240999725e+00 3.185220781110625676e+00 2.788665582923584463e+00 2.897607519621220984e+00
2.516631238167146734e+00 7.711911973089813355e-01 4.690029351741889840e+00 1.427397568640330627e-01 4.391339961090735322e+00 4.706611255099946156e-01 2.357715160475289728e+00 3.238253204551352210e-02 1.794079219825993166e+00 -1.189094119379695141e-01
2.179481760269577517e+00 4.817632611285263877e+00 3.172426545506899842e+00 2.213187994076015741e+00 3.588383190803679401e+00 5.117790971220144591e+00 5.053387241835618937e+00 4.625776557563997748e+00 4.398357083519137234e+00 1.347680447812125148e+00
1.151908360470712767e+00 5.155852058334040144e+00 1.391247553775074586e+00 4.859413843526058763e+00 3.777077643176501631e+00 2.645876722626310684e+00 3.232280323288920787e+00 2.637695455443469505e+00 2.426752977431825276e+00 1.957195397942741666e+00
4.007165548375960284e+00 2.461119452576921718e-01 1.240662696930747044e+00 3.499680132281204781e+00 3.581304138476216092e+00 3.613495131196791554e+00 4.736807434701812980e-01 3.442504986047092430e-01 1.386405958100690006e+00 1.512666949131622030e+00
1.412632899183059176e-01 4.779443413984361122e+00 4.865997971866349303e+00 2.918144709700555062e+00 3.607057532228638563e-01 1.160844063651735647e+00 4.250734359648767224e+00 4.147651062251235921e+00 1.147961366944713957e+00 4.863129340917358157e+00
1.808049360839537378e+00 2.645220884958949359e+00 2.319145204120705017e+00 1.359171158175913385e+00 1.378014294198132150e+00 4.303808231603465373e+00 2.532177268827195071e+00 1.498667774760793936e+00 6.055341255697883618e-01 4.032972064347049468e+00
4.601662230813764687e+00 3.864759453099888109e+00 4.497106776991881105e+00 4.718891490911800268e+00 2.782056007868067837e+00 4.273188386427540841e+00 1.026675202972234136e+00 3.119588731941686621e+00 9.229949075823502547e-01 -1.964269250479234175e-01
2.278160614191206079e+00 3.225611527636863318e+00 1.029563895356297332e+00 4.134002483697364561e+00 8.273896961279066931e-01 1.029386520061422949e+00 1.112953863920131514e+00 2.165807071308233134e+00 2.623857175637563266e+00 1.369473007952109134e+00
3.911049801114435009e+00 1.387773739727270916e+00 1.355193287205971320e+00 3.067672322995653289e+00 2.485514480896422906e+00 3.040589631315031571e+00 1.339246019974835722e+00 2.132470409063179417e+00 3.869745449662834069e+00 5.460564424994057697e-01
9.840424724876757345e-01 1.594650190914840060e+00 3.494123050187253332e-01 2.919085103888370281e+00 -9.055183602923931596e-02 7.888698718800994936e-01 4.793562251583646905e+00 4.422427471215882200e+00 4.301232973343616983e+00 2.317943250348117434e+00
7.692100572110582846e-01 2.930251735876462149e+00 1.129458670772377271e+00 1.428323490897225767e+00 3.735621609302599566e+00 1.295456109049709870e+00 4.345419106688335198e+00 4.645112046212810597e+00 2.619169577346249334e+00 5.803190157953993511e-01
1.003834824676396419e-02 3.850859671379069482e+00 5.526923985190381750e-01 7.316842466239236176e-01 5.236920998181978648e-01 1.940598188346720487e+00 3.016703132251361552e+00 9.959972432501669193e-01 -2.471716269843969860e-01 2.063772204901489271e+00
3.667976457985349992e+00 2.109479534793478273e+00 3.186405101938877493e+00 8.472424458168310579e-01 1.975275780085942401e+00 3.923009010148903464e+00 8.801162220806804104e-01 3.821702644513926828e+00 3.500654223914861252e+00 1.382571067799087450e+00
4.330359425616740587e+00 1.092484751076819638e+00 1.563893243297863389e+00 4.239445239541694277e-01 1.151268974943623791e+00 1.262994558511582932e+00 4.011127351330644686e+00 2.143687299335753416e+00 2.644025216871955575e+00 1.771093137984621313e+00
2.854750804702338662e+00 3.501397885060278714e+00 5.816109995526643761e-01 3.950964759482892413e-02 1.762504068874276575e+00 1.797623333095042852e+00 2.999750887918804843e+00 4.479705165013027068e-01 3.190042890098885753e+00 1.877763407555025077e-01
3.681176417332197026e+00 1.900265571851114554e+00 7.677007439518592768e-01 4.509515459746857857e-01 9.730343711463834699e-01 4.068480202262160783e-01 3.579313005963487004e+00 2.687324637976264530e+00 1.796838166819836546e+00 1.264196047961050784e+00
2.687884068647256708e+00 3.248188173689789071e+00 3.191352036799342873e+00 3.375688402776502173e+00 3.136430486533755335e+00 3.738584315862972129e+00 2.084759705983905587e+00 1.185263804733488247e+00 1.366145912067046719e+00 7.526659226916231349e-01
9.400426073990725273e-01 4.699525305340458203e+00 6.331882230809704470e-01 3.387956844989152394e+00 1.591813615075728494e+00 1.709655177724483055e+00 5.058357306633832096e+00 6.632607827000688294e-01 3.355976419574657754e+00 4.738929412373190431e+00
4.870762347576609308e+00 4.110603475864208711e+00 4.056376816584124079e+00 4.438133115313986465e+00 2.397663060441195704e+00 2.101405515266014490e+00 3.117396172223400708e+00 1.261978369050724469e+00 4.665500980211376714e+00 5.933972039471138160e-01
1.841706053933092502e+00 3.682147397848388515e+00 3.948854313788967119e+00 7.044348634892685923e-02 1.058407608501021890e+00 2.238688573412035421e+00 4.415317080439635333e+00 1.181035206282673444e+00 2.575304318675454951e+00 5.157178667205749578e-01
3.495759440691728503e+00 2.855492636468082601e+00 1.913740641975439027e+00 2.106399629153784758e+00 2.920167605735887850e+00 7.688807671882413874e-01 4.086991471308105139e-01 1.802174251432391960e+00 3.308185686385325397e+00 3.448926606434278841e-01
1.304561686503562523e+00 3.531092533311616322e+00 1.709007830453293630e+00 3.242485743364166062e+00 6.510809827075014766e-01 4.188779705941941600e+00 1.054210076103887950e+00 1.580541857691338370e+00 1.642283806413072256e+00 3.094197026667378836e+00
2.736113718453441646e+00 2.359573369802990594e+00 2.188455713896263699e+00 3.474398441007943372e+00 3.130151143579836592e+00 4.421580084704465285e+00 5.446847955203542035e+00 4.235119696227101826e+00 3.568861119481534061e+00 2.620549432873709783e+00
3.839878710457985456e+00 2.872386745425823396e+00 2.984888148778683803e+00 1.223113413039381037e+00 3.906910075092139056e+00 3.662664888728849988e+00 4.119288234213072109e+00 1.628854099828246138e+00 2.846184671968143842e+00 1.796842279258359376e+00
1.521278200510783885e+00 2.370497916533357508e+00 1.233534826205819446e+00 9.908962484182605168e-01 4.041736700138873761e-01 2.349732195178044325e+00 3.709472080208145783e+00 3.552163332250628969e+00 3.408569664522356213e+00 4.596794565534803034e+00
2.482956282083553123e+00 3.121670418214459453e+00 3.906189257963860406e+00 4.810785181211415740e+00 1.934346917099626140e+00 3.204370952109512949e+00 2.924961418410177316e+00 3.826248725642322768e-01 1.359749721171351400e+00 5.155124615431139645e+00
1.045803998087936781e+00 2.002631803225356943e+00 3.648715661992750103e+00 4.883812077041036481e+00 2.064981626344563725e+00 2.639178144515472724e+00 2.747886962371536956e+00 2.843402521272077266e+00 4.100316566424057285e+00 3.151615554524345608e+00
4.456230794426705444e+00 2.040039814590119516e+00 5.244162335055234436e+00 1.539700387926222325e+00 3.633924519118252761e+00 2.447134987648303728e+00 1.717836068569798647e+00 4.113237549096488976e+00 1.721820661536596520e+00 3.398052415668657567e+00
4.478948512147742811e+00 3.301547831151578349e-01 2.105243064514804807e+00 6.817886880678393213e-01 -4.845225382138756975e-02 3.828810158087254667e+00 2.631646097462093881e+00 1.088003992748680510e-01 1.746834697751704413e+00 1.801398978885855318e+00
8.429063204563619349e-02 2.194063970492079019e+00 9.234866971212191133e-01 3.955762251706511634e+00 1.432159713045653371e+00 4.698526486225287790e+00 9.586862499952685246e-01 3.217740699421427042e+00 3.026689664428188764e-01 7.804588720323445417e-01
3.151664227681670649e+00 1.922218463600038785e+00 2.924380380576923066e+00 4.755742298802046797e+00 3.655619681342914262e+00 9.541914048401323178e-01 8.908599056062085353e-01 4.573285381692410390e+00 2.075539594486854877e+00 3.479742742604643002e+00
4.228124998027804615e+00 8.722661899954231579e-01 4.913688086964716817e+00 2.066301781330436516e+00 2.162427276650505270e+00 3.045234596452623954e+00 1.792455036213785879e+00 1.379899552466964163e+00 1.155057280398850583e+00 2.494403505142935185e+00
3.304961923018193470e+00 3.690001245554094478e+00 2.980967466583852143e+00 2.915855700240956416e+00 2.117912960437753345e-01 5.206946288796839184e+00 1.186138359070453507e+00 3.975997304052832249e+00 2.511476743069117390e+00 4.376338923210307819e+00
3.744028032080746637e+00 4.511158379637731031e+00 7.073472582929369867e-01 1.575064589523177183e+00 2.901849178897969672e+00 3.198106261227340874e-01 4.363498125337890166e+00 1.350208911046773430e+00 4.037508043995841511e+00 9.052606336890902661e-01
4.782534824187297140e+00 4.831630357492505468e+00 1.530561466825006489e+00 3.430588137679679406e+00 7.790799344999949083e-01 3.025747013074478353e+00 1.097783956060914612e+00 2.489877026129601933e+00 1.645591615461041490e+00 2.298188212287179955e+00
1.826946639709422504e+00 2.180320033680673841e+00 1.539973932957231062e+00 4.626198622928855975e-01 4.558978247224877656e+00 3.996891824556310091e+00 3.396891118425101386e+00 3.117119402876988410e+00 -1.530184788366956428e-01 2.622154924425700084e+00
7.066993669736834072e-01 9.726312515292501182e-01 2.745290079506731207e+00 9.870197745012674329e-01 5.049871369957381617e+00 3.147489274545755000e-01 3.358892909566437712e+00 1.562884975608332505e+00 3.453343648969995794e+00 1.439807511437585896e+00
4.447077903990787284e+00 -9.372464403675349887e-02 2.883472386849340818e+00 2.622930523093494504e+00 3.099803945635628111e+00 1.722246162838731331e+00 1.818262578395643425e+00 2.817293338662574698e+00 3.652994316087159188e+00 5.070867092897400896e-01
1.206221743107817490e+00 2.635667244044905821e+00 1.450240925326222063e+00 3.894133686732623278e+00 2.962256609270588759e-01 3.213126672737271150e+00 4.885043511350582790e+00 2.350661501848525237e-01 1.747373520972393290e+00 1.884654788419471094e+00
3.314733621350359760e-01 4.256194086403069399e+00 4.134925256467640864e+00 4.274324213689732588e+00 2.209396996468976637e-01 5.073420618379148372e+00 5.566763268251308239e-02 1.476570280687065306e+00 1.503511122663110156e+00 4.170575750436351647e+00
3.493505955229836868e+00 4.158040126017580995e+00 2.622569636344508570e+00 4.280094970898342677e-01 2.147355909397325568e+00 3.266276616918946107e+00 1.915176739382696836e+00 7.371246553653468814e-01 1.100430235469600504e+00 1.056456344935206237e+00
6.334341370528309145e-01 4.366826402298423782e-01 1.901983623550694613e+00 3.353607987593617334e+00 3.506536625368429139e+00 1.240063368215806205e+00 3.330102017987284224e-01 3.301941366899250774e+00 2.169919376099864294e+00 2.356333433372786779e+00
4.413291350666622925e+00 3.897845186605185308e+00 3.299082740430381744e+00 3.225849079701669453e+00 -8.460658360679113033e-02 4.307874854584067492e+00 4.452980256430900674e+00 1.217185813803320915e+00 4.340001320561302833e+00 8.364606677838621884e-01
5.239569919143789001e+00 4.697010947137479242e+00 3.129355099619397951e+00 3.817076703850999841e+00 5.914760498827676960e-01 4.465694188285495692e+00 1.582742061998946292e+00 2.754077732112712784e+00 2.315954881441999902e+00 3.838491945739713085e+00
2.047549329373135052e+00 1.748533453596049725e+00 2.836602570732798867e+00 1.569616903241939587e+00 1.541641045393222775e+00 2.055906236489319361e-01 1.176172413012290141e+00 9.389198028896126313e-01 1.742359268035147624e+00 4.312281355244216741e+00
4.356860378521140831e+00 2.552355268328508231e+00 5.991556698842742668e-01 1.962949831743197704e+00 1.549155191351348604e+00 4.294373243295940057e+00 3.199652735153124095e+00 3.322188673609494547e+00 3.144631512278513341e+00 2.225846578074588966e-01
2.876283554058875480e-01 2.569167129142416073e+00 1.563060293291211433e+00 1.366183147306079260e+00 2.758417379372396727e+00 3.239145969824367643e+00 6.077543024288794005e-01 3.981966772843633873e+00 1.710562332447147060e+00 3.725667045126782373e+00
2.844179064345779828e+00 9.740168442581711439e-01 2.529425845232984749e+00 3.384301181523474256e+00 2.866379288757807231e+00 2.204551186987850464e+00 8.660597134428528188e-01 1.203778407808712370e+00 2.233644919292744113e+00 2.523885967056670454e-01
2.930142341492026237e+00 2.820526868835148360e+00 2.662922152338883297e+00 3.161112891253583079e+00 1.462075645122731471e+00 1.792893080575757692e+00 1.622686857740433641e+00 2.482027612809093675e+00 2.865681853984273886e+00 3.333840602850253187e+00
2.754523165597539958e+00 3.239588113679506165e+00 1.997063411135277411e+00 8.274784958566825388e-01 9.501466333630087524e-01 1.249204022728010788e+00 2.133927242835076843e+00 1.149234057126083508e+00 2.874782209390225329e+00 4.572360737904512362e+00
4.269434602078502339e-01 4.047022189583336704e+00 4.711315387050508896e+00 3.727287059513159306e+00 1.484843845367507020e+00 2.642098936267454512e+00 4.288432589516967042e+00 3.784141428194979451e+00 2.264082781021580504e-01 2.683024500686515879e+00
7.994002212189923462e-01 4.617034747474710321e-01 -3.048700535159483069e-02 3.902831587061506902e+00 1.284770705006703095e-01 1.211408915284109655e+00 2.780338816043905315e+00 1.385640384399588365e+00 1.103150047483765439e+00 1.560933674341077326e+00
-1.605980836505772613e-01 4.241542836379625925e+00 5.884064809255811213e-01 1.770233928670427170e+00 3.262413835330409739e+00 5.266596836810766291e+00 1.604342814572395692e+00 4.236772961649686864e-01 1.166689000587584762e-01 1.962711013108181524e+00
4.032286088446662475e+00 2.670635912386506217e+00 1.267219828464938969e+00 2.722891498194969895e+00 4.160294275854089285e+00 1.712222538233097779e+00 2.448503330828069924e+00 2.979507964945830700e+00 4.878032196565378342e+00 -2.101341218634398822e-01
1.199367529609334460e+00 3.795101540859684874e+00 1.583418611511892005e+00 5.418038640463775923e-01 3.025197015154590829e+00 1.703578620887619577e+00 4.929141418908551842e+00 2.878555898842949379e+00 1.233349917854785094e+00 3.945028391296466541e+00
4.357478680585525233e+00 1.693168427272168319e+00 3.881801720066667905e+00 3.301325332963902071e+00 4.313853869388478479e+00 2.011678657278795246e+00 4.257228623047386584e+00 1.764159458476492359e+00 3.635510567205238353e+00 1.836915165269832562e+00
1.780272496642381297e+00 2.457665027255772294e+00 4.988723881575167773e+00 1.024015976712281173e+00 1.957193166480598157e+00 8.031775786751327306e-01 9.122816035689621517e-01 1.525177410558105295e+00 3.420410519915005665e+00 3.944544308178854042e+00
2.423350645851009677e+00 4.253721103347289478e+00 3.669521006017344433e+00 4.871481834024910640e+00 2.816939187777903975e+00 8.749462622621879682e-01 6.485365905877996662e-01 5.844015133777205051e-01 2.809469531978252110e+00 1.267999090250742533e+00
3.898928090780020117e+00 1.944170221882130845e+00 3.337644022025320290e+00 2.438118452616719001e+00 1.500021178721033577e+00 3.423072621498481904e+00 3.260772456902544914e+00 6.118724472992179697e-01 3.410010676273999231e+00 2.201665848079431775e+00
3.183735896202585458e+00 1.238826434430569723e+00 9.517780878218300433e-01 4.429100822957633632e+00 3.313462469899883356e+00 5.046919857599801773e+00 4.402433855572267518e+00 4.523002490933421882e+00 4.596945408943312605e-01 4.680475833918092299e+00
1.472725684693261261e+00 4.680429495198752399e-01 4.404827467508612315e+00 1.007481680757249309e+00 4.567564237165743002e+00 2.929615543851196158e+00 4.207047878818777953e+00 2.580885835887847257e+00 2.459132530967632069e-01 3.343764935358894963e+00
4.738636506521425318e+00 2.596403943520841917e+00 1.384927447889966690e+00 8.641593654859414109e-01 3.649082019511242780e+00 1.122517391778382834e+00 9.475711179503369941e-01 3.831560150089390326e-01 1.686967430940481183e+00 3.531027981871377452e+00
5.228365010364589338e+00 8.031128124610112939e-01 2.654731935608051430e+00 3.274088295799740589e+00 1.004350341542240149e-01 1.891458371905349267e+00 2.701770109000566134e+00 1.024292472263756311e-02 6.316818753557362776e-01 1.804519961461483080e+00
1.291374820822179137e+00 3.429635941862152038e+00 4.512283256250331220e+00 4.428599629461264620e+00 3.542245854895603729e-01 4.026301806204831912e+00 2.434963488594647174e+00 2.734020229335923258e+00 3.052012048149892909e+00 4.286902476369417236e+00
4.091614807450352664e+00 4.299209846573808669e+00 2.825784385391307385e+00 6.739136917864170240e-01 4.022152073756847912e+00 1.046269632242811998e+00 5.454674136901552228e-02 4.846939530864445622e+00 3.678157384662879559e-01 1.935620782654314365e+00
4.693246140172544933e+00 3.579546101629266452e+00 3.929807906404529483e+00 2.630596460662764979e+00 2.423004175238915092e+00 -9.738810934801438168e-03 4.160617357319200238e+00 1.639919440185281685e+00 2.161005360929008745e+00 1.764405895618440079e+00
1.379419249469586717e+00 1.824772004983130191e+00 2.507305996568017559e+00 8.176065380152793827e-01 9.844823719174982113e-01 2.524527535254919908e+00 1.908546893257143884e+00 1.398475579222188347e+00 3.669060075714665192e+00 4.901503262503010383e+00
1.271751800309014691e+00 4.186882891308099097e+00 1.450313785967735747e+00 1.415443161524693627e+00 2.591342160783505211e+00 9.951390869407320539e-01 2.388789817118513348e+00 1.608003427678997621e+00 2.123539678798523678e+00 7.195326534334914870e-01
1.146901603154519833e+00 4.041315785383234882e+00 8.549162280444081441e-01 1.596358468062188951e+00 3.985005455371660066e+00 2.739861868257304600e+00 3.689292855414516570e+00 2.534634358299193035e+00 -5.379216146882874749e-01 2.738430848033018616e+00
6.191092403112551379e-01 1.714687436495345052e+00 4.498378502869221918e-01 4.576597513434309761e+00 4.203012398889311108e+00 3.796338401424557585e+00 1.775282249522597500e+00 4.167423364669101460e+00 4.645888911373455166e+00 1.356902208512140495e+00
4.412580974462602335e+00 1.554760994888357839e+00 -5.044469836454361367e-02 2.409389040270938920e-01 1.378287925573473238e+00 4.884018680694129699e+00 1.967570022071345015e+00 3.981062548116593547e+00 8.123336464875750007e-01 3.333043808811916975e+00
