4.926551200577932721e-01 4.161390142626795741e-01 4.970568825989752915e-01 2.809879892961212322e-01 1.249293329864611390e-01 6.423160378476805432e-02 2.523531962875782408e-01 2.353126137048923705e-01 1.810865793930764855e-01 1.181376289189611795e-02 4.554624780555124874e-01 4.738034562420557760e-01 4.557595346260370772e-01 1.137459100125679523e-01 4.027731009995860201e-01 4.799471933059740181e-02 2.395401596271593547e-01 3.234623930338360598e-01 4.290073253256800889e-01 3.524062807443553158e-01
2.467420945215583750e-01 3.385207538941908956e-01 3.721771784780925074e-01 2.988129668304055353e-01 1.245526488798963105e-01 3.198161792562432271e-01 1.486575214825522351e-01 3.111839114274375095e-01 5.699270624340374569e-02 4.912538769342607026e-01 4.633429455883863457e-01 4.779348464052474710e-01 6.428550094802837345e-02 2.998498780238562089e-01 3.381667907969334586e-01 9.899900908906195118e-02 1.878163155756448766e-01 1.702883787478754463e-01 1.630036181139068452e-01 3.847216800118322122e-01
1.767018247071577841e-02 2.419438139785926589e-01 4.928099690713335090e-01 3.451308431980851243e-01 1.601104151763356187e-01 2.905838030153327645e-01 3.460149268789195487e-01 4.277575630012078189e-01 1.079057600082560242e-01 4.213809091811134278e-01 4.627368341387752548e-01 4.421492920886976319e-01 3.725128341020984002e-01 8.521048843999606826e-02 1.370885012888080068e-01 3.678882965827382501e-01 4.162911645759536650e-01 3.936204758905322287e-01 1.215658232439402742e-01 3.642043885645026569e-01
4.347151987765091596e-01 1.635350266407815667e-01 2.950599837519026769e-01 3.214194754805910770e-01 4.282674120487688363e-01 3.826905484956159564e-01 3.452265533212267590e-02 2.148995177016009839e-01 1.443054238349213425e-01 1.865486615074235521e-02 1.160213870291877392e-01 4.928520241551689884e-01 1.996613348609720395e-01 4.017489988482481067e-02 6.152051477541387037e-02 3.975395125792653417e-01 2.172208596852518436e-01 1.594492937887692086e-01 2.740653730094010365e-01 1.873532783292883863e-01
1.924111713219471276e-01 3.931352061519866048e-01 3.352249529985401599e-02 3.753282563998013854e-01 2.445057117374707101e-01 2.672448961137477985e-01 4.437752128362128512e-01 2.598083578450592901e-01 2.206918844443346850e-01 1.205238550365522188e-01 3.856319359578652128e-01 2.313963037607638107e-01 8.167936933353192597e-02 4.133559437137206971e-01 1.861632143103366666e-01 1.936354147223473543e-01 1.622873979505297659e-01 3.299858878261435757e-02 2.602644741928406003e-01 1.247679116239393537e-01
4.619262098397980409e-02 1.675538981288870466e-01 3.178916722186492794e-01 4.440003253233612002e-01 4.290555783689841696e-01 3.863866398558694626e-01 4.403883317974044420e-02 3.410693086796411366e-01 1.451920793678980193e-01 3.812943321454015377e-01 1.979648557753218574e-01 4.755257081962995236e-01 8.704340577886066077e-02 4.969919757808385907e-01 4.175686719610510189e-01 6.039008813398366593e-02 8.284722573143254998e-02 3.201089140365716013e-01 4.680209444788028250e-01 2.464159698935911580e-01
4.302891612810311184e-01 2.852884024019060605e-01 2.510467406278928393e-01 3.653532575098339397e-02 4.461887231932306075e-01 2.762929177642615142e-01 1.952878305172328632e-01 1.362569792683533954e-01 1.806743007245493748e-01 3.950021864058360643e-01 1.229302058221751204e-01 5.535402971387098914e-02 2.389726814752015094e-01 3.176193926745758400e-01 3.128382331348568690e-01 4.328544763305201548e-01 4.382824437084603120e-01 2.833378069021889045e-01 2.106799609142284702e-03 2.776580795823587189e-01
3.163488629766348925e-01 4.460480565728820457e-01 4.952958547702736580e-01 3.554147570882861262e-01 2.140560007252200747e-01 3.674894080380647909e-01 3.127025133341985730e-01 4.548589344269614032e-01 3.351837463330624711e-01 4.391006654589257874e-01 6.397197226162842920e-02 4.350640116107938327e-01 8.559255339767551929e-02 3.294161989859464290e-01 1.512096479689304385e-01 3.814384963990463673e-02 4.689762916673946846e-01 3.136032199151080890e-01 5.661380361125079030e-02 2.667406013778816920e-01
6.204267067193564023e-02 2.378543106505974780e-01 1.962082736318995213e-01 1.093172956686846442e-01 2.406672325029741155e-01 4.661561893688591640e-01 4.746072959483514375e-01 7.668119329857581157e-02 2.798857338163625030e-01 3.984202776304548999e-01 2.700032735392238759e-01 2.865484360779466111e-01 2.810591462742939584e-02 2.174493243222881955e-01 3.648664933808085098e-01 3.908115326167166947e-01 4.925573586534998105e-02 2.601167336346731918e-01 2.922071980293393101e-01 1.273018733758090604e-01
1.240686187533899809e-01 3.328941744696722882e-03 2.309043704117464402e-01 1.240942812437161868e-01 3.605444280358616749e-01 1.938306247223418599e-01 9.492091033987520854e-02 1.259048734535055947e-01 1.733580301647035249e-01 8.785968187449672007e-02 1.825112246114045100e-01 3.358180924089475550e-01 1.083795169800037539e-01 4.355284500254167912e-01 1.933306682996605019e-01 7.692414498344224416e-02 3.654696096464484234e-01 8.530752190235857402e-02 4.089547856031102713e-01 3.380159431009741033e-01
3.195129923334455446e-02 5.250219278322226790e-02 1.293150793732794623e-01 2.680277551625120380e-01 2.320692903015486586e-01 2.918691744077539507e-01 4.989200961277577839e-01 1.961424186752290244e-01 3.959416248650742265e-01 4.071634349926195884e-01 7.194688844542512784e-02 9.667487657329049133e-02 3.283915202620049101e-01 2.301496116969007355e-01 1.725263448145730183e-01 2.641533393047076905e-01 1.050471262189726085e-01 6.453956969243029862e-02 3.347495858003299296e-01 4.870494061496817850e-01
1.761513524007974896e-01 1.353579359490781342e-01 2.150491841943528160e-01 4.372273759649997760e-01 3.530516348828002804e-01 7.720643670381621693e-02 1.106806399705582145e-01 4.536075332477429445e-02 1.480063406302800644e-01 1.447386026247584057e-01 9.039736303246409532e-02 2.981942418272318096e-01 4.666396480154520465e-01 3.948892402600018836e-01 2.928615440108489620e-01 1.615349309911486286e-01 4.003420130650698905e-01 1.163142319158236848e-01 4.695329160773978328e-01 2.692235204853817288e-01
1.683834199415124022e-01 4.767592920580825955e-01 2.230129501526466052e-01 3.625849288463994236e-01 2.316270365853161373e-01 3.072999711305462456e-01 1.154081229101100448e-02 5.908724159919487295e-02 1.438804626275530518e-02 4.498906758608194334e-01 2.188509196728665174e-01 4.745507104489055661e-01 1.579339536961303914e-01 4.237481391173899548e-01 6.528382587853098773e-02 2.828132947129586294e-01 2.749518554614037713e-01 6.146097785810089587e-02 3.315100609609238358e-01 1.505426462047270153e-01
2.141674819442520028e-01 2.604980679128574561e-01 3.663216029753964542e-01 3.356688869320628155e-01 4.859519726792967398e-01 3.586975922435389763e-01 3.183120491358684134e-01 2.674417740575751878e-01 2.801636313133792910e-03 3.669736428042356113e-01 6.687776979325443794e-02 9.374931919673390457e-02 6.277332472373930994e-02 7.770072813719247629e-02 4.900580992093859223e-01 2.010501302410955260e-02 1.781986248298012554e-01 2.499317020159035896e-01 2.046814151016554395e-01 2.857987840301389748e-01
3.607856112912072311e-01 4.030572254153813594e-01 2.955877280534657814e-02 3.156940377100070361e-01 8.422533321813840956e-02 4.269010684442298142e-03 6.923739713737919743e-02 4.158524728874161691e-01 6.484413263598515220e-02 1.472212037851961530e-01 3.120116501820937027e-01 4.868262143028111444e-01 4.692886791680272451e-01 3.721395597394059895e-01 1.548047237047557867e-01 2.181182922246509559e-01 3.648120747888695670e-01 3.039777226553613265e-01 1.183355205903327545e-01 1.562327188784889409e-01
1.020475191339339505e-01 3.919226950412382227e-01 4.474664089778278009e-01 5.273470075221425857e-02 2.171105378454256107e-01 1.600262275487523422e-01 1.412278689289899747e-01 3.350268455842224102e-01 2.135930929643905518e-01 3.736189439202828311e-01 3.064066343041129126e-01 4.757328544774059864e-01 8.889671832763779147e-02 1.042530736168735261e-01 2.900835546865292436e-01 3.204653826098962655e-01 2.380703583236467025e-01 2.814355573550483269e-01 1.183839541940380213e-01 9.210013979014258778e-02
3.013799692183183332e-03 4.537028761228547591e-01 1.608894042570216398e-01 7.418279125195170742e-02 2.676284124700926137e-01 1.906521973712865803e-01 1.866583009658536740e-01 3.136765437130688006e-01 1.113833887484447227e-01 4.469923750019839104e-01 1.839281038000165625e-01 2.079484464908075703e-01 3.586929397128668651e-01 3.451158731025736892e-01 2.728570960446140004e-01 3.346539246332885797e-02 4.397148024805264122e-01 4.057379180212508096e-01 8.663833200829251791e-03 6.187585432174075306e-02
4.852274569934881820e-01 4.239976019021016174e-01 1.265304341310185543e-01 2.630876443578796242e-01 4.052682406733532083e-01 3.798337811284027699e-01 1.128294936649882341e-01 3.803214611627808717e-02 1.188036817503974607e-01 1.155092869972581537e-01 5.341306522676120272e-02 3.395057698145174663e-01 4.772422465666708580e-01 1.533651119256043693e-01 1.161419485832200782e-01 1.638152137882727399e-01 2.848472206138252805e-02 2.259810574541766259e-01 2.591401230585611559e-01 2.368697839230721747e-01
3.607100335491368881e-01 2.780579787573061457e-01 2.199352385264075616e-01 2.468479210774205401e-01 1.068048998252278392e-01 1.949144436514288481e-02 2.206474540919320382e-01 2.192602051110378314e-01 2.683223435413516489e-01 2.500809820525140559e-02 2.056140479876335525e-01 4.486180975414372218e-01 2.587758444371666133e-01 2.855294381637873413e-01 6.411715589031641294e-02 3.918761927392335753e-01 3.622191386521245171e-02 1.534690730280909854e-01 2.090928063357200273e-02 2.743553637325882866e-01
4.833512869871509077e-01 2.239397050226006880e-01 1.568254286212047988e-01 3.465439377609751959e-01 1.986743726478694128e-01 7.570267843703559763e-02 4.271925663307734045e-01 3.989015608647404898e-01 1.539401000053820523e-01 3.206659618463862937e-01 1.062852118436092286e-01 2.063089821055855144e-01 9.731146865719009220e-02 1.152616734660935061e-01 4.334005207275131166e-01 4.045942099257352487e-01 3.609625604793940679e-01 1.049783012435167029e-01 1.031838128796100373e-01 2.487570910746907948e-01
3.034501839125774980e-02 4.156018723014203164e-01 1.586807133603218567e-01 7.747813903989753115e-02 3.899822928908230901e-01 3.972704251910199047e-01 4.393295782166427021e-01 4.890388641067328623e-01 4.143656329640454383e-01 4.731577914619811143e-02 4.617287745686742273e-01 3.538510429985959327e-01 4.323501218690125603e-01 4.066993945430605328e-01 2.187623067949263089e-01 2.209973869316144701e-01 2.625631361330825198e-01 1.161344200025174467e-01 1.614428000936340979e-02 3.780633505669354633e-01
7.049798706567139694e-02 1.995449137045102739e-01 4.907035563307169390e-01 1.301011743320540370e-02 4.422633815989713835e-01 3.742262990040180481e-01 3.691940322123721807e-01 4.998238015183019134e-01 4.316040641460476834e-01 3.664184368937839498e-02 1.282960253747394974e-01 3.329456655273563270e-01 3.406331479069998891e-01 2.770032207686399794e-01 1.296712556942211103e-01 4.859563640486812552e-01 2.273755503032676151e-01 2.774033894841725356e-01 2.413105711181873225e-02 2.922603179015498265e-01
3.458757981072638210e-01 2.251870805701672307e-01 3.980485104315010791e-01 3.613824014477295954e-02 1.174949637869256436e-01 2.366641139923864046e-01 3.578599216733177601e-01 3.917992382228952519e-01 3.226839363178468645e-04 1.816736419951513470e-01 4.957347479839132043e-01 2.929264672690505278e-01 2.512858162207927681e-01 4.612718733218872935e-01 1.771200444606048086e-01 1.391137032303007559e-01 2.394570484370232566e-01 5.499200503773377102e-02 4.667801814190635223e-01 1.349576253774858459e-01
4.480967120868804554e-01 1.689213318323415924e-01 3.551050347884208147e-01 3.915186431081574270e-03 3.561031933024460527e-01 4.108649884303555710e-01 3.108069551207948700e-01 1.608908414685530364e-01 4.764455708078396134e-01 3.637176590872109871e-02 2.581665677924825375e-01 3.090711178564554129e-01 2.242918877380610243e-01 1.732304477675212229e-01 4.085699919511189271e-01 3.969231809757099438e-01 3.035302970679129020e-01 4.960799271618234751e-01 3.942936224867532036e-01 4.293732904234519032e-01
4.049057193256510589e-01 7.902531340667023896e-02 2.992908423942087781e-01 4.327683116384093975e-01 4.698469008686795845e-01 2.545121488169524993e-01 1.056850161659289022e-01 1.213029841834444289e-01 1.563348463490075169e-01 3.936578206587462714e-01 2.722853248507312030e-01 3.502266669221263951e-01 4.098608261535559016e-01 1.781195594441342678e-04 3.957844949380002753e-01 1.415383462700905426e-01 2.975708157700237555e-01 6.837027246190963137e-02 4.937122939186320836e-01 4.482368799302887119e-01
3.184140054088845373e-01 1.272198954855374708e-01 2.487246861673529374e-01 1.476877746403520986e-01 2.453697199403833129e-01 4.012096937468020985e-01 1.666320218351385885e-02 4.282655821937943474e-01 3.820308305228760082e-01 3.738797919502896971e-01 4.893746422900884241e-01 2.317068959591292998e-01 3.804677114160662788e-01 1.974304597836438191e-01 3.198677099635581222e-01 2.472670775800570042e-01 1.039047546975250258e-01 1.294512825498720932e-01 1.712637781598153053e-02 2.717204988437478264e-01
3.511322564502311616e-02 2.758923978323766235e-01 7.819546815708494636e-02 4.746481144596268464e-01 5.387465219783227344e-03 1.066704131193820793e-01 1.385507386088248860e-01 4.644608378146476424e-01 1.273828565325124118e-01 1.844654529442264490e-01 3.594271482236583437e-01 3.648317674194236360e-01 4.266210151673593409e-01 2.987476452222014300e-01 3.259232995650536702e-01 2.591500916793233467e-01 1.789278531123911775e-01 2.555723955770779487e-01 1.217218358221496266e-01 1.738067302024579042e-01
1.815833149622745890e-01 4.856019609448353203e-01 3.628245749308168788e-01 2.745287509890238509e-01 8.150875740309221351e-02 3.010897284929671125e-01 2.867291771095316077e-01 3.670549636197941168e-01 2.944686488070251684e-01 7.419154011854095510e-02 7.910109628591344144e-02 3.863509940842229651e-01 2.578023292055711124e-01 3.515978439338007244e-01 4.288636615486613457e-01 3.936894419770058939e-01 4.903983602616482362e-01 3.469642693119581178e-01 4.077784466089162119e-01 1.375990047946414885e-01
4.243085731666055849e-01 1.641316478513140109e-01 5.331899678207679960e-02 3.119408104987133612e-01 4.737186044730180012e-01 3.167661731752985932e-01 1.591635031091910291e-01 1.167492068684338191e-01 2.371079919838806616e-01 2.178714217817290244e-03 3.221949233835928461e-01 1.475587436288028353e-01 1.571919178621424273e-01 2.527912986978686494e-03 4.303710583328393957e-01 3.483883610763909844e-01 4.528185385397187623e-01 4.813131136581089153e-02 1.865487029625161886e-01 4.165592793257373860e-01
2.877969784234279960e-02 3.261564855834528931e-01 1.986460725875398015e-01 9.601928045340224482e-02 2.021304658231738438e-01 2.870597037686650199e-01 3.328848168041642630e-01 8.616003675774969173e-02 4.840333594978822873e-01 4.962660542318329537e-01 2.718962749716712368e-01 3.981207196673103299e-02 3.538276855818656141e-01 2.754527671027725555e-01 4.599604568077371169e-01 2.923391875286990294e-02 5.979119999881743475e-02 3.962040148648388604e-01 7.857807780874986880e-02 4.931607565232187795e-02
2.136850219842832965e-01 9.517309211797386759e-03 3.422650030390465559e-01 1.602494687024358933e-01 4.339153930791167513e-02 2.045376337703874725e-02 1.841844118674338948e-01 4.089570294404036299e-01 1.262917274888535335e-01 1.234792737382020555e-01 3.525434001093698533e-01 2.304236611820681957e-01 3.643791476196218126e-01 2.311326451426668482e-01 3.960712531476329734e-01 1.302437198764285209e-01 3.630309225555573560e-01 3.821427894289115001e-01 3.601202966687909734e-01 4.592187558854808893e-01
9.406220664713893509e-02 4.999305943205519798e-01 3.151830274937243437e-01 2.376394683796988483e-01 4.553358720957923489e-01 3.363132302775863613e-01 2.806617842700170895e-02 1.956337173304088517e-01 7.583839580195855801e-02 2.244913208315953423e-01 4.731247280029545754e-01 4.310936128970524472e-01 8.825245922379165719e-02 3.357762189045987999e-01 2.531951055053279775e-01 3.788451627357389273e-01 2.424983297249517777e-01 2.968385488255674831e-01 4.761265141141576840e-01 1.298055037288861069e-01
3.274538098884789417e-01 1.277171910876820360e-01 6.727331736969427434e-02 4.818807359071879959e-01 1.998451335720011768e-01 3.577419909244670126e-01 4.132088795844023887e-01 3.044086892459394456e-01 7.045862311703199321e-02 1.732476415835995098e-01 2.376939734158264317e-01 1.635029674794654664e-01 7.243609401632594702e-02 3.097846798383409039e-01 2.087030916171725425e-01 3.896324444538820098e-01 9.320098537553045404e-02 2.133734084321999847e-01 4.740612976653757471e-01 2.731895170376500426e-01
6.547280653061865463e-02 2.940346470668030454e-01 1.610655621257955361e-01 1.883222087407827594e-01 2.155168078753553762e-01 1.553080116843599257e-01 4.777567232449296819e-01 1.455719051687506260e-01 8.093890793278213369e-03 4.111593780388810848e-01 2.655137177690047867e-02 1.537135311142569516e-01 4.607044576890068077e-02 3.559884045379987372e-01 8.479742004576723557e-02 3.490885037760903531e-01 3.249995769471156759e-01 2.484305684297526962e-01 1.830499259413571611e-01 6.696429114217522516e-02
3.468447087469719858e-01 4.374590467486335621e-01 4.698116347652830371e-01 1.473838063105178398e-01 2.850358402259502988e-01 2.099508294783887230e-01 1.513550371195271360e-01 1.165839359806530862e-01 4.218035208229299893e-01 1.563724313360250751e-01 2.790988581696830506e-01 8.301445773113236282e-02 9.352701066172319777e-02 2.751027264858559307e-01 4.094405096304337688e-02 4.245119942822109249e-01 4.334300096460590446e-01 1.494131876180015972e-02 2.457863245122547946e-01 4.697549145822242367e-01
1.946859741039211333e-01 4.713888129796052762e-01 4.884469462033338982e-01 3.283244026459844478e-01 3.429119890984448360e-01 2.442054900272542795e-01 2.302428077994154165e-01 4.178419209959930991e-01 2.654779194544606424e-01 3.458544945979605822e-01 3.841201812096951551e-01 2.148483999580358961e-01 3.710972991621405703e-01 4.896109796792937341e-01 7.805148037167858321e-02 1.108798790444885940e-01 2.574486531561869795e-01 8.887825404107996263e-02 2.650142199769864870e-01 1.913850289297058249e-01
4.053492908063191513e-01 4.403957338308305824e-01 1.513845083451909046e-01 2.270865698547285261e-01 2.254333781322100383e-01 4.720400977715737412e-01 3.306912473286718335e-01 2.760783799396450133e-01 3.102992223883583311e-01 1.699704335526308618e-02 1.657209332178249395e-01 2.419621725758623332e-01 5.968764518993280310e-02 4.410368665814443090e-01 4.065926187625175658e-01 1.229883112087858943e-01 4.185740483345565255e-01 2.097874309069305832e-01 1.839640165779123926e-01 3.013252030576131224e-01
4.057284553678921490e-01 1.746388925573935658e-01 7.412759368022131534e-02 2.294570288150293291e-01 4.764220713139542540e-01 1.039531480228154670e-01 1.004505301824915042e-02 8.979026175390131259e-02 2.612421735328540606e-02 2.246286722665394309e-01 3.670646412585704121e-02 2.658659494026590631e-01 5.353672120219959973e-02 4.684933003609285662e-01 4.964335185888256174e-01 1.970498437414116011e-01 1.488022283666396439e-01 2.416471555361584533e-01 4.172184331274642055e-01 1.864404421001782941e-01
3.639737113863638629e-01 1.216988952423108117e-01 4.574839562272385862e-01 2.875603937094087792e-01 2.755231863289064331e-01 2.968365161016199294e-01 3.470758318875892257e-01 2.117291423488564805e-01 2.128814985010831773e-01 2.254123655784635583e-01 1.230219310331019389e-01 2.641123607868932077e-01 3.612328721859476288e-01 1.726831641440032539e-01 3.112814080207251810e-01 1.741186637361230027e-01 1.462284017217100884e-01 6.259508723475731840e-02 3.811530207010266902e-01 4.301460686706828906e-01
2.572468108898936512e-01 3.888665286380821318e-02 2.364817413006858882e-02 4.655507842239212657e-01 1.497438260902734797e-01 7.436124791312098692e-02 4.054093053886954623e-01 2.435186743622637096e-01 2.456589165559051047e-01 7.403252673618176960e-02 4.651268362358063624e-01 1.060303008380474865e-01 3.501286658371000615e-01 4.122670322086089967e-01 5.402778601955443571e-02 1.140680102326123713e-01 2.780893704491249618e-02 3.496877587443980584e-01 3.362843588023290420e-01 2.989528985989581278e-02
1.540149725434203365e-03 3.309901436203253611e-01 1.519293032009385036e-01 1.040211758519725138e-01 3.672524585442925038e-01 3.968783663899138614e-01 3.244194478968785433e-01 1.395942159566366247e-01 4.562882305295058449e-01 3.521542027703266631e-01 2.530130306298628007e-02 1.733949720353927804e-02 3.717294375147333074e-01 4.501222058818063476e-01 5.962702656754870212e-02 2.665673963913496869e-01 6.668713595663666727e-02 2.449678872035526700e-02 6.312407801224739767e-02 3.165752893425172187e-02
4.075564700383788042e-01 5.141824320201326959e-02 4.965978088543387403e-01 4.323614813241439259e-01 3.791919692704379674e-01 5.751802047125548212e-02 2.357408146809346072e-01 4.807705113447578449e-01 3.923562263416653373e-01 3.884149621540741726e-01 3.362345816657531516e-01 2.917415600140417786e-01 1.399978718266938205e-01 2.897972603595079244e-01 4.466707577686064856e-01 4.113102980496793348e-01 4.515674348018952067e-01 2.278798226826667661e-01 1.140657517542967292e-01 3.693609117628314231e-01
4.569636312343302031e-01 3.656469494972864887e-01 3.185692289776804742e-01 4.191995390659453147e-03 2.145056975747625105e-01 7.503119999831026066e-02 4.892022884677498240e-01 4.350881100333928164e-01 1.526028598538967107e-01 7.156227937686659990e-02 1.428669650166040084e-01 2.457216884211038677e-01 2.883961554771463653e-01 1.143614291354646539e-01 3.885009614018353763e-01 2.651727608730851671e-01 1.114213563985085309e-01 7.243084101056690427e-02 1.651349672050106965e-01 2.331030669230552133e-01
1.656036769151399413e-01 4.381743654506597974e-01 1.058671146183328138e-01 3.359474277686821941e-01 4.936334610323007133e-01 3.161119304230705085e-01 4.946200072305296791e-01 4.496684558558760592e-01 1.793460512492360825e-01 1.038820349824528533e-01 4.450619260593401960e-01 2.666785604400433440e-01 6.853717164921352412e-02 2.073991797445627894e-01 1.625621304297849012e-01 1.364315434326955345e-01 1.778815073632342703e-01 9.182920778593217648e-02 4.770214383644377776e-01 1.878701871048914507e-01
8.822346366309685717e-03 4.479250171187168506e-01 1.354443947656023828e-01 4.024541012099933646e-01 3.083071936158063853e-01 1.328179272708718273e-01 4.178563928757448309e-01 1.521743089723403553e-01 3.456436591212406206e-01 2.006976280551392433e-01 2.337444794158352046e-01 2.258770548226641250e-01 4.908753867952657668e-01 2.493938867964475281e-01 3.068332548678394667e-01 1.519174472381315533e-01 3.255767799544491692e-01 1.315117258115399146e-01 9.824982093915562986e-02 7.031215104166554930e-02
3.416108040524275524e-01 2.750532095409374822e-03 3.483498963596208808e-01 3.328509426656653392e-01 1.562016393183062735e-01 3.043939774226910311e-01 2.698225204154240386e-01 4.710030295043398652e-01 3.272046424683822119e-01 4.719801102347392918e-02 6.350345370528243105e-02 3.137332902972714832e-01 4.773650657701239419e-01 4.829368272883438618e-01 2.427803580644139481e-01 2.547056615176990224e-01 1.025661309056324910e-01 3.921556185923635862e-02 3.368601406700618695e-01 7.547528743479242630e-02
4.264136056993239055e-01 4.744049862787894090e-01 2.971096501708143101e-01 6.481761590107387727e-02 1.453947453740204732e-01 3.078792431449060008e-01 2.675106226568073620e-01 1.060903214665722127e-01 3.694986544777702497e-01 4.532980664116115221e-01 3.609058240003470974e-02 4.431028919985841030e-01 3.184280757319146171e-01 2.962102025992066068e-01 2.168908570222859988e-01 2.071028852993305747e-01 1.943703982510788242e-01 1.191310594038890169e-01 2.042281227863484427e-01 3.143022380059735110e-01
1.118907325613252013e-01 4.290969214482134308e-01 5.505982687101823592e-02 4.191749564729223554e-01 2.774314712486669610e-02 1.335265354105885649e-03 4.123842848918763959e-01 4.016293575028123120e-01 3.331739908594897326e-01 2.911500842744478290e-01 1.560114185178305690e-01 1.821882549946079455e-01 2.681079377662947127e-01 1.296641274986103376e-01 8.383786515071484091e-02 4.615379591840972351e-01 3.898214422071997753e-01 2.226085643840635120e-01 1.780788716862321541e-01 5.395743583849921254e-03
7.688963483198973936e-03 2.619728541124338173e-01 3.864820431901968556e-01 2.055996306154342923e-01 1.064212104732695230e-01 3.436435661356393445e-01 8.379093014027949593e-02 3.740190310172486488e-02 4.842538265577204792e-01 4.889283631944447706e-01 3.657041534150778928e-02 3.601932465187238086e-01 6.333766501766613377e-02 1.299091201257041028e-03 3.778535227653839756e-02 4.257167655580215149e-01 2.683021888262998589e-02 3.123392472589769375e-01 6.455830633459624934e-02 4.791938495433407108e-01
3.193088093557241991e-01 1.802348765575370049e-01 2.885182486058144313e-01 1.375514418637513447e-02 4.522563967256419959e-01 4.352051863920446961e-01 1.295367854494344773e-01 3.266093618429499190e-01 2.228863564283719012e-01 3.045441718311246992e-01 2.041294773787066807e-02 4.657156840046736690e-01 1.910628363906339278e-01 4.087005241415884171e-01 4.970232243130556782e-02 3.913453459186103656e-01 2.755578462899727632e-01 8.252183190768741516e-02 3.144005570750042500e-01 4.648124635053714759e-01
4.844151897442018351e-01 1.338279587851110009e-02 4.890855209013382776e-01 1.715107604233734873e-01 3.594157953977584197e-01 2.490069221248033537e-01 4.578286645156264267e-01 9.147675804897897889e-02 2.914859708024457596e-01 3.941830723503931266e-01 2.268370727931129927e-01 1.017012282736414752e-01 3.774911839510427525e-01 1.468100045508913265e-01 1.789396816692886971e-01 4.103848233671431034e-02 2.288851862026319850e-01 3.849005437578569833e-01 4.387941302178169356e-01 2.667623578748001822e-03
3.707722440123049079e-01 2.258999407156505601e-01 3.109623597906292503e-01 4.446320152223549593e-01 4.107111686759948865e-01 1.356325159570690997e-01 3.084951159142196309e-01 1.658160236707462154e-02 4.052686605196348379e-01 1.744829711957044394e-01 1.904260536903730761e-01 3.195603909214323468e-01 4.994545507732564005e-01 4.848032402629291471e-01 2.997871510348699697e-01 4.519155846417724498e-01 3.274878692895313304e-01 1.688361447841691954e-01 1.392623413393423437e-02 1.606469371302708393e-01
5.190588479259544696e-02 8.280498149831011512e-02 3.390230952223248218e-01 4.963712741412599216e-01 4.855863593725802674e-01 1.988243975240658878e-01 4.816726692661366660e-01 4.317601051706486670e-01 4.931868445789788780e-01 7.203647225130238585e-02 3.335402535875540142e-01 3.230695910527692227e-02 2.022124943971380095e-01 6.020431961062794324e-02 4.517933743386317036e-01 2.822417025772466781e-01 4.823578350951063798e-01 4.019412829553372091e-01 4.028295355702931624e-01 4.508676399930878764e-01
3.358565825819609385e-01 2.838743654634466873e-01 2.395452029244484748e-01 1.284223532564937043e-01 2.306591453342188291e-02 3.844556887734555395e-01 4.072490827502743271e-01 1.234044024981618692e-01 4.851617034940283180e-01 2.917844976780313293e-01 1.277791310879013986e-01 2.637163419069036285e-01 3.899574690055661041e-01 1.297874075981130249e-01 1.906737166849267751e-01 2.343904273503321645e-01 4.327096825817626780e-01 7.805416456899305633e-03 3.929347661248697721e-01 3.800194113990876255e-01
1.000382996398083701e-01 4.364430293717869169e-02 3.664202390698694800e-01 1.871860775395443044e-01 3.001057060886452854e-01 9.760286004339080446e-02 2.003671405230662561e-01 1.961390782125072008e-02 3.899697781267386087e-02 3.716397277099653951e-01 4.089166596695602007e-01 3.970007200179500595e-01 2.981977468338720683e-01 1.953478256111579880e-01 8.650684714588546820e-02 4.430580632099024863e-01 8.286574488071352107e-02 2.208730299447732026e-01 4.525847007205522909e-01 4.841285201647341219e-01
6.417579519520871800e-02 3.086569584994500182e-01 4.788347506409074139e-02 3.904859432419350296e-01 4.748843074981343171e-01 1.216409337559025139e-01 3.561330062826678633e-02 2.486358511543930727e-01 4.821525945479541164e-01 8.607148308260093028e-03 4.540665483555841320e-01 3.117179694134584733e-01 3.122000242328757391e-01 1.573617859388054541e-02 1.152049745378473378e-01 3.143182960008050753e-02 1.512663712238904723e-01 6.302479952462097801e-02 2.305298764205100381e-01 2.094630148863609320e-01
3.187723261982849388e-01 3.802741054858966852e-01 2.033426595869526898e-01 2.966609277864318828e-01 4.013831528234483859e-01 4.551781854772299907e-01 4.701548958405964429e-01 3.944798757129692746e-01 2.581725805115059336e-01 4.409139313228055967e-01 9.859655462793692760e-02 4.635195436349404674e-01 4.976619447723302225e-01 2.686933866109363911e-01 4.267790991019093649e-02 3.431559024151203952e-01 3.464625105171880715e-01 7.030078973197373404e-02 3.153937669839801949e-01 6.517087129370652265e-02
1.326163979059866160e-01 2.774141809174155981e-01 3.404882405544545909e-01 1.549653539605996277e-01 2.133864175952019937e-01 4.691675209703818905e-01 9.038455583185667219e-02 1.149335814310002979e-01 1.558453186896341380e-01 1.955598103397902521e-01 3.113600892631276928e-01 3.940278559730063246e-01 2.689002329864846885e-01 2.732182445532910231e-01 2.527316292150678656e-01 2.033719827995179585e-01 9.772686092317683926e-02 2.554873417236097621e-02 3.801092755958762615e-01 3.445190347386169472e-01
4.812362899579459286e-01 4.948593770325585006e-01 7.566361091776152570e-02 3.363981810805488637e-01 2.493063845176649029e-01 3.906378921267610327e-01 2.012749634918390984e-01 8.221473839265575068e-02 2.549752465290617276e-01 4.965017632906468248e-01 9.070445344721350667e-02 4.259879904829923514e-01 9.063211946782495643e-02 5.714658303947828255e-02 6.268005950593513731e-02 3.483611537765940458e-03 2.727514899995564512e-04 3.522481533106113227e-01 1.024187156456391468e-01 3.610283792686176385e-01
4.728583093567171880e-01 2.427774583883463566e-01 4.789267384735846345e-01 2.656537167891538931e-01 3.453795652620593182e-01 1.976738082836058674e-01 8.708009379454401122e-02 3.441902692407161624e-01 1.076448429492659065e-01 4.310535673651052502e-01 4.633243005389381941e-01 4.530022129554852062e-01 6.625018856880793283e-02 2.487354745367357234e-01 2.290832402179023286e-01 8.579174238649955875e-02 2.406055449458303630e-01 9.233021672077029729e-02 4.963264719347357801e-01 4.311817119817386579e-01
2.205676132008038692e-01 3.410406360979495455e-02 2.797018088959682958e-01 3.787101965310332163e-01 4.882412020390559659e-01 1.571608467213451710e-01 1.096025353002991198e-01 1.456349227248328049e-01 3.120308980495591911e-01 2.593926683788776999e-01 4.164524329168844963e-01 3.626552636716679490e-01 3.705184730211863453e-02 2.080733926823660762e-01 2.189245609119311875e-01 3.396460058849237740e-02 1.206647573754556224e-01 3.222397061042349686e-01 3.176934568364478406e-01 7.420980611139293970e-02
7.455533953968757066e-02 1.827115776890970711e-01 9.099302855655982958e-02 4.629508402857759330e-01 1.240386900391454716e-02 4.637511595001568843e-01 9.846563667567725942e-02 5.769307338905343974e-02 3.939083600074055891e-01 2.328975812897505215e-01 4.807057520527486250e-01 2.659321790798375718e-01 4.816102811352830360e-01 2.288799771031468366e-01 4.546938651155724154e-01 5.659465965130083820e-02 4.057872827830684703e-01 6.103157992102681284e-02 3.813307908823869163e-01 3.449239321208505960e-01
3.626698651077244206e-01 2.255078415891502153e-01 4.849769547003041636e-01 2.266391485180829779e-01 3.700314793750961728e-01 1.950570385380183680e-01 2.098695012912680236e-01 4.908021075613255846e-01 1.273874960019545366e-01 1.712584595619608963e-01 1.446372577349208655e-01 1.753829090162170035e-01 4.179926321051418148e-01 4.115663854981915781e-01 1.511091549596754735e-01 6.629679442655261878e-02 4.388599356820188646e-02 1.920677194849476077e-01 4.251069911084728314e-01 3.888962844515077566e-01
8.907339497900451653e-02 8.136748760911105549e-02 1.099883487247306779e-01 4.178542275392158056e-01 1.833265562348029842e-02 8.465995836752060466e-03 1.792437026474199002e-01 1.411742865378975420e-01 4.913647268844637539e-01 3.525951455511461274e-02 1.391285000582657694e-01 3.366894619660112942e-01 4.155683150830695172e-01 3.157696913533393768e-01 2.134570819339360326e-01 4.352178960193697210e-01 3.102424444276249416e-01 7.380039429085544223e-02 4.331587912066842128e-02 3.801235379435745632e-01
2.183497846532848619e-01 2.622889355309927506e-01 4.773860687526353397e-01 1.001137241242253118e-01 4.127639112751235739e-01 1.089750357605854814e-01 2.303150329987445066e-01 1.809720214479013656e-01 1.332103059087151875e-01 4.478159990337840513e-01 4.864877981788912620e-01 4.765173911775788529e-01 5.820748694463684370e-02 2.093799118148003124e-01 8.702976870026579714e-02 3.101035797144170991e-01 1.238741701635626691e-01 2.201681470968240295e-01 3.159018135073641820e-01 2.412638969176221226e-01
4.090443751350550383e-01 1.785514231102006688e-01 4.882787700029121991e-01 4.247105280128770644e-01 1.960390319030725359e-01 4.116873785117888818e-01 3.236526325419166183e-01 3.426251380832711635e-01 2.947473378865568261e-01 4.744520906071970079e-01 7.782169884048678599e-02 1.209084440376503866e-01 3.081102436118219878e-01 2.020939504594354008e-01 1.900587248883675029e-01 4.045313463357989581e-01 2.914107237252940852e-01 3.309715955252356956e-02 2.088023394576409286e-01 4.159151022930541175e-01
2.002713375067561863e-01 3.732176897380242719e-01 3.465433406874670608e-01 9.314935722994821532e-02 4.715485721120221685e-01 5.151296559768364647e-02 2.144928424248386811e-01 2.907889119931996724e-01 4.839685540439510603e-01 1.171089485333531854e-01 6.004896720784386188e-02 2.832601494247891649e-01 1.677801228660997790e-01 9.066132051555197968e-02 3.939494098436978065e-01 4.080772486581307756e-02 3.815329140823968679e-01 2.674440007974016043e-01 2.976375188667144678e-01 3.085207327426113810e-01
8.975438261273405161e-02 3.830869378321857255e-01 4.080370533049113013e-01 3.285452639823592813e-01 4.676214954002972379e-01 2.921120741986086844e-01 2.332767223720675354e-01 1.680565132834004882e-01 4.281145754496978872e-01 5.137688106780019526e-02 7.160215843563694227e-02 4.890686352635498224e-02 3.372527314532269838e-01 1.007184955194137532e-01 4.115074776530895373e-01 2.609920498817000500e-01 3.383395723687886436e-01 4.818189267319140101e-01 4.129865542147050927e-01 3.132024671221451118e-01
1.738396149716819883e-02 3.585847022899935066e-02 4.842310383239601390e-01 1.883266566277833065e-01 2.839038325427363785e-01 4.620937625125985382e-01 4.421969911393789920e-01 1.395338131907823964e-01 2.984802930818120092e-01 4.692767199265157618e-01 2.284925103693019044e-01 4.498298141705893705e-01 3.930209834107275535e-01 8.651145141292676533e-02 4.495699618010962073e-01 4.659189869089075398e-02 4.026188845322261622e-01 3.636684109978945423e-01 9.068500292735137691e-02 6.111724927796674534e-02
1.839838437823380080e-01 6.096683008054171182e-02 4.228588182683130081e-01 4.338455227252633883e-01 3.616720614087834962e-01 3.924990362604789951e-01 4.924039083863904209e-01 4.881867229555139076e-01 1.495469689062639551e-02 4.532850400221545839e-01 2.848305066409372310e-01 2.445349015845474927e-01 1.626303760584781322e-01 2.213431965039406868e-01 4.354389030175572772e-01 6.014657222201907905e-02 4.390247795907207262e-01 8.495729455048683931e-02 4.288563326836825063e-01 1.512613424193404166e-02
4.864728332394505639e-01 1.078708235245299241e-01 1.668538553357538090e-01 4.522198601307890753e-01 3.991862991245929693e-01 3.147664637057456805e-03 1.896933462190809050e-01 2.906564473851806496e-01 2.222131970271262191e-01 4.081024347065482227e-01 2.603496837105656603e-01 1.942215809963016016e-02 1.789142758683710532e-01 2.348978585952425369e-01 4.657025876094527672e-01 1.092181027489030343e-01 1.616521322907824576e-01 1.890736478890631678e-01 4.297978492960821684e-01 4.954834526050801990e-01
1.257039218564476313e-01 3.069783737677868607e-01 1.005606148504518682e-01 3.770233068420980049e-01 5.199886518897783860e-02 3.784990818359082465e-01 3.703065723459114666e-01 4.503300654143854720e-01 6.973990260429974164e-02 3.878616307928228202e-01 1.847941335788386708e-01 3.768576442277426497e-01 2.832404242753259749e-01 4.318540627936172105e-01 9.993024567732927688e-02 3.085790518859519715e-01 1.189875610797685446e-01 2.801251225815699075e-01 3.672237758568888677e-01 4.085418349576430130e-01
1.364021177110418814e-01 3.358260841495392945e-01 2.135857949884160112e-01 2.392776405342552648e-01 6.761674629091107835e-02 3.167985263524619177e-01 2.897278151106114641e-01 1.457160751101240215e-01 2.885161295475537901e-01 4.622726830500087924e-01 2.133630344271201240e-01 1.176828607102233248e-01 4.785367063022499257e-01 3.800891367766635054e-01 4.761693821725365705e-02 9.035182088956428270e-02 3.960947585677124794e-01 1.447658344930681240e-01 2.769396851784749480e-01 1.626537451570728154e-01
4.944347266764408388e-01 2.166973861235982901e-01 2.663813684482633781e-01 1.097791469050257707e-03 4.503265910441521802e-01 1.084332710358095198e-01 1.510218520508632700e-02 2.906245249734963898e-01 8.076377007124824203e-03 1.933876881414031690e-01 1.488259116422085970e-01 3.244741728752153498e-01 2.571131718609712125e-01 2.891089203273077279e-01 2.210624691169749134e-01 1.172202194508783490e-01 6.926821419161544036e-02 3.665536260163052562e-01 4.447180686707645769e-01 4.231870098695445503e-01
4.885245125254915055e-01 1.432594990722728112e-01 4.461330943886385736e-01 6.308387846871710281e-04 7.922695727325673731e-02 7.718604204988743778e-02 4.738972276337264922e-01 1.167536770808526025e-01 8.887594703176959765e-03 4.098941490725084846e-01 3.773163586555550730e-01 1.773354026769934921e-01 2.232390355034993834e-01 1.542175786984589236e-01 3.598889086595914444e-01 3.645660839067877967e-01 3.723748625746231555e-01 3.129001781425146955e-01 3.854659421950634712e-01 5.466598220415169740e-02
3.027883108786683652e-01 4.647362957179695941e-02 3.043010528289690209e-01 4.212381235863089102e-01 4.373539147534692417e-01 3.445677023045250476e-01 3.099144824260059439e-01 3.968118744994352798e-01 1.074399958210616179e-01 4.611294212590359431e-01 3.961648829051473975e-01 9.943496389843908823e-02 2.121706973568644461e-01 3.345695626509638254e-01 1.130221537269635590e-01 2.312441940923198880e-02 4.491623877124740205e-01 2.044114515790595998e-02 4.600049606998078411e-01 3.487129350109016146e-01
3.681300491933522379e-01 4.247790930664819831e-01 3.951557577788952780e-01 3.213797925198476069e-01 3.155932323361953507e-01 2.236842609449137265e-01 3.432333409895356735e-01 3.785396458720993729e-01 4.590631395030708717e-01 2.435360215793484495e-01 8.278557051930979238e-02 1.723285475854898774e-01 3.518630645848954130e-01 3.882283531857372294e-02 6.675186791135784281e-02 2.102430485565044416e-01 3.497427469552119583e-01 3.124002286227578473e-01 2.166468378345065005e-01 1.333918221499997281e-01
2.739790089796609318e-01 2.659276637278508160e-01 4.377368659998262523e-01 3.425495548669758028e-01 3.039048827831926647e-01 4.420945951170031640e-01 4.189640406612597512e-01 1.087164492761531487e-01 2.244766361442332436e-01 1.779582160413044623e-01 3.419015114918499965e-01 9.329454642189383140e-02 4.437899999087523972e-01 2.437882087692282429e-01 2.454620479998320670e-01 7.799811950186530396e-03 8.861236645936321210e-02 3.738256213457536448e-01 2.600095077478825067e-01 7.411877074088818462e-02
2.801834563381761511e-01 4.939577890754615064e-01 9.131835042099967215e-02 4.822628269555687130e-01 2.501399576290548876e-01 2.048930056298589597e-01 6.214157610948239929e-02 4.734572254650319389e-01 2.149991559553878218e-01 7.903130605783609264e-02 2.038474613486379039e-01 2.729183451169469588e-01 1.052734352020742170e-01 7.542205693934816990e-02 3.899957499520091964e-01 3.497053988884945008e-01 4.058698743718406887e-01 1.606303461829356460e-01 1.536971675994541209e-01 2.262054128821920362e-01
1.740338036215426931e-01 2.378628218120656390e-01 1.267574616085846984e-01 2.503157833114627584e-01 1.647759866520346339e-01 4.057621793452562686e-01 4.901775312810873197e-01 1.507644441105606692e-01 2.329548348928187629e-01 2.936371958185940434e-01 4.579173068741286823e-01 3.415017355074987382e-01 3.175080243789940582e-01 4.281765206266480162e-01 3.608322517179575750e-01 1.121686391372473390e-01 4.338025530882188563e-01 4.231138732431060090e-01 1.257192104214840400e-01 9.458426567566952103e-02
3.726248280017931402e-01 4.045346536169097673e-02 1.537726368086806406e-01 1.195812131098240028e-01 1.079633958076040567e-01 4.880645078702274819e-01 3.985462248910775496e-01 2.427721182957354729e-01 3.887805408317663303e-01 4.036224669356179295e-01 2.205691290326104448e-01 1.963556087836953457e-01 2.305340889225127587e-01 4.360038745207407418e-01 3.033225451179981103e-01 2.564976519165839131e-01 2.226603542927130808e-01 1.915958912876644660e-01 2.123183254754895111e-01 4.252457071358856644e-01
3.983276632157168873e-01 2.139063827849544963e-01 4.471328127766865945e-01 4.016254143210784000e-01 8.199119952749117646e-02 3.561024490437042500e-01 4.683341280862163836e-01 4.883094144669949954e-01 2.942837192152293335e-01 4.006920637337532121e-01 1.206149229427562197e-01 1.573690467215397848e-01 1.723984668065718373e-01 4.739586659107131728e-01 3.806835631204525394e-01 6.936648305590320529e-02 5.374748357216901917e-02 3.391009969741095031e-01 1.902393514068198010e-01 8.337180494594792490e-02
1.844283354184321211e-01 1.654956975204558978e-01 3.718067397164062093e-01 6.998944463317069431e-02 6.510060000028827787e-02 3.970847932130603941e-01 7.189968412714764501e-02 4.929813889205934552e-01 5.518667016488953969e-03 7.117400694743147849e-02 3.589724293121248633e-01 1.117067291284861152e-01 2.409282680214100414e-01 1.865240466700990862e-01 3.203597139000897154e-01 3.159364071127078177e-01 3.547993241105034112e-01 3.644164281137484696e-01 2.515327338549822045e-01 7.060191135146998143e-04
4.521759758166244980e-01 4.252793658175736957e-01 1.158955030770431605e-01 6.266943720730400180e-02 1.105821608653800858e-02 1.227454575705720918e-01 2.666545208792011623e-01 3.902334165437107982e-01 5.738315298704776968e-02 2.446434728947634585e-01 4.866876326253140594e-01 3.586745735545015523e-01 3.016567415884214287e-01 1.803260493490754790e-01 3.295486661183681387e-01 9.966730659892258926e-02 2.700200365642393407e-01 3.906159407272113415e-01 4.959330865227775664e-01 4.726249073143558577e-01
4.565358848719353047e-02 3.035177335734313697e-01 1.685123786384234434e-01 1.967908142026962848e-01 6.070552968424025586e-02 4.768709152080485292e-01 3.033888620678673043e-01 1.705452702865694059e-01 2.818364338119054291e-01 4.888115931918194934e-01 2.178140886568475376e-01 1.767358688636107011e-01 1.597683348405949944e-01 3.314789262964079608e-03 1.178372406860712096e-01 2.447787934949525734e-01 2.569453774038655824e-01 3.301670299959688082e-01 4.355827713305938653e-01 4.737116181867741527e-01
3.176404631743347529e-01 4.911449020630058726e-01 2.870681165594375361e-01 6.053959528882835173e-02 3.658124983238110750e-01 5.174429279569275897e-02 1.446070622566474340e-01 2.752872547000406733e-03 4.835291695266408230e-01 4.389621949415519198e-01 2.456210359123763842e-01 3.535774986098803585e-01 2.913964800344885364e-01 3.184397163027617439e-01 2.511093995804157819e-01 1.488525004784667094e-01 3.264682402634005998e-01 1.327442131421119331e-01 2.016774343805525227e-01 2.860550079877181573e-01
1.240770585471475673e-01 1.389494214510189063e-01 2.050128952967546492e-01 3.688819964445929633e-01 9.902451546918450420e-02 3.015429160710252354e-01 3.752797659314674461e-01 1.772226956791622676e-01 1.745930236761253362e-01 2.405724432354178211e-01 4.801758815915586620e-01 2.165611844204368142e-02 1.545187979370285514e-01 1.759653525450643463e-01 4.103252213373295154e-01 3.048285803414734207e-01 8.054343226962779045e-02 2.451891855374094820e-01 1.643814817718912136e-01 1.841208809235151400e-01
2.731386193871587209e-01 4.733708850306155846e-01 3.328050670611536477e-01 4.899920022022918875e-02 1.326503911089640941e-01 8.078475224218917283e-02 8.349084974798470782e-02 1.059657104618559886e-01 8.864991951779271906e-02 2.396231978843557653e-01 3.511594040550238272e-01 3.414172225961384366e-01 4.604749170103625278e-01 2.923814260695062894e-01 2.200705156383936378e-02 4.784094547695016963e-02 9.725605271295156840e-02 4.336401665152100904e-01 3.291363150992089315e-01 4.137917421333601742e-01
4.739429971138375830e-02 4.838594884086959147e-01 2.172809056819147155e-02 9.462558129856030176e-02 3.353493683137970804e-01 3.346512773850267020e-01 1.641448295629940879e-01 4.463126455244911805e-01 2.393948819054406152e-01 4.278065352468596316e-02 4.812819251752291083e-01 3.934728127853815982e-01 4.773919005143149596e-01 4.847627199239614715e-01 1.781091923462155835e-01 8.054989064188838865e-02 4.754652787470603492e-02 3.182898805403117648e-01 2.586323362293341255e-01 9.888518664950263215e-02
4.133989275959678023e-01 4.706583083782647781e-01 2.590892888335339928e-01 3.109117209584943975e-02 4.153127460742265797e-01 1.684076666151590462e-02 4.356977866725968984e-01 6.239750445580172222e-03 2.943776499292179438e-01 4.686627549041272323e-01 2.516705879854304606e-01 4.914609848095861100e-01 4.461272991759469009e-01 1.010111450593396132e-01 4.402037908168037750e-01 3.138444634568609559e-01 3.051616077421642759e-01 4.171804693618985649e-01 3.442786690775782033e-01 6.047687262604184433e-02
3.290118520786878831e-01 8.862642399525305636e-02 4.122462801330865623e-01 4.360059688822142121e-01 1.414864744809968822e-01 1.381322918975458891e-01 1.131382338922563013e-01 1.566471946330946774e-01 4.332847222890386929e-01 3.310588321285755087e-01 2.943675728375022560e-01 6.357082993863888420e-02 3.263747978531590377e-01 3.129002587278067460e-01 1.832186947067404037e-01 1.123973427725309393e-01 3.813733640337676478e-01 2.070550908963955661e-01 2.180373019826339909e-01 1.813863970187239438e-01
4.205807636438746444e-01 1.266542577571025951e-01 3.618468939248207783e-01 1.687594123945546087e-02 4.551861253902908522e-01 2.128933413260378216e-01 1.343117926994132905e-01 1.646339831855460623e-01 1.388583427111245161e-02 2.402968451196698663e-01 9.152681302545584430e-02 2.010084219855943766e-01 4.115106696151618615e-01 1.824699850838887305e-01 2.375285651034346746e-01 1.485978249915725913e-01 4.248094025123072548e-02 3.423091257089734274e-01 4.705195243260953952e-01 4.678636153571302247e-01
8.603619670817763687e-02 9.458792384901359984e-02 2.658673706506628487e-01 1.812555871477025682e-01 4.396243214176262515e-01 4.312414015975751802e-02 4.861404237939124240e-01 1.985550415795350743e-01 1.022951664959504403e-01 4.890843327279459918e-01 4.386118331050710695e-01 4.385235168009557483e-01 2.923699537868928999e-02 2.042586208585361329e-01 8.775609453369825896e-02 4.379228396046759286e-01 2.327715346154404230e-01 2.167199826865801038e-02 2.189681625550402577e-01 4.632294153466969266e-01
7.682360866654969200e-03 1.778396632934764465e-02 7.222481018869481018e-02 4.378379402215446525e-01 5.445789887623531111e-02 3.060022388692078543e-01 3.835495990195461058e-01 3.154522326327196535e-01 3.518202484975199162e-01 1.873135514688176184e-01 2.394267656091159102e-01 3.391290953063482716e-01 3.605880328486732456e-02 3.204879978161204179e-01 1.770937686694644686e-01 6.487506971564904745e-02 1.245944376491335825e-01 3.002295620737215343e-01 1.482539315423306303e-01 2.195026318964165002e-01
1.336134165240120408e-01 3.955637819637736197e-02 3.945098476635049978e-01 8.653439120478728652e-02 3.914161755667551756e-01 8.793893124080537360e-02 3.648075012558666952e-01 4.276389161273769224e-01 4.766139988573039332e-01 1.761932859364088721e-01 4.939817249569621316e-01 1.969543382198993275e-01 2.910802453468391282e-01 3.965553041690090819e-01 4.934869572653631242e-01 3.386325269904044699e-01 6.790636800945676343e-02 9.226708602190319963e-02 3.072917714114158372e-01 2.849960457094877220e-01
1.928282446691086949e-01 2.326831379495041263e-01 2.554005183887637642e-01 2.822585218116459571e-01 2.631702380719257994e-01 4.179746112773746747e-01 9.898662243702488484e-02 1.204365792404148983e-01 4.102668821558201340e-01 2.041526415664581817e-01 5.020601622740716863e-02 1.995777124245510237e-01 4.280487819770678604e-01 2.188723524310108304e-01 3.690817296692701643e-01 3.303449765660337878e-02 4.471120884724987810e-01 2.514876801234627868e-01 7.018200147407610556e-02 1.214331897040266117e-01
2.824877251028801162e-02 2.803663605482844545e-01 2.490357824609861215e-01 2.553948859769885615e-01 7.059511401960205657e-03 4.422417976116688743e-01 1.014023281984585134e-01 4.986407271808864783e-01 3.462123512961754468e-01 4.746257051451936437e-01 2.306115401039522950e-01 4.509038767328329977e-01 3.387038509724346058e-01 4.003894406362621394e-01 2.049077666490268790e-01 8.747451332643479960e-02 4.930107512629289257e-02 2.387677120446101142e-01 4.087876292874281781e-02 4.309658575908567046e-01
2.650002753193593796e-01 4.812689869308676149e-01 4.017634494101458009e-01 1.546517424388218487e-01 1.021199214742762873e-01 4.655816953583010731e-01 3.334718586447374955e-01 3.157431550734366987e-01 1.638986948805553068e-01 3.575713470335576405e-01 6.840849415872624073e-02 2.571450168394904257e-01 1.498497177087497745e-01 1.018656351402774662e-01 1.530581838172133113e-01 4.201040431936411967e-01 3.120677679999062093e-02 2.252486846246887775e-01 2.125758849902646963e-01 1.253952786654305429e-02
4.519048909124477320e-01 4.648784128522447379e-01 2.147775332082882405e-01 3.813464849539212054e-01 2.434501371810116055e-03 1.961059719891809494e-01 2.295858222615624333e-01 3.244497637435675430e-01 2.899532373030607180e-01 2.458001805154772512e-01 1.687705000346211848e-01 1.170742318008593519e-01 3.437014576862129078e-01 1.154944148137739268e-01 4.079959178933137420e-01 1.880593454793354491e-01 3.419634020738770430e-01 3.659414674618959862e-01 1.404142851501394285e-02 2.551687015339340059e-01
4.566834263655272785e-02 4.865783711351879259e-01 2.591227196004058930e-02 4.562822449701379734e-01 2.272776802017188458e-01 1.869180305627210492e-01 1.294618868009522750e-03 1.784889453901894463e-01 6.992856021733201421e-02 3.543924231636593758e-01 6.922245263266124660e-04 3.779388925589989290e-01 3.674654581754220883e-01 2.955399499754995940e-01 2.044215594063182317e-01 3.577826409977397648e-01 4.683318648521601624e-01 7.215413008812576745e-02 1.077270597650885620e-01 4.955038747698467527e-01
