0.000000000000000000e+00 0.000000000000000000e+00 0.000000000000000000e+00 0.000000000000000000e+00 0.000000000000000000e+00 0.000000000000000000e+00 0.000000000000000000e+00 0.000000000000000000e+00 0.000000000000000000e+00 0.000000000000000000e+00 0.000000000000000000e+00 0.000000000000000000e+00 0.000000000000000000e+00 0.000000000000000000e+00 0.000000000000000000e+00 0.000000000000000000e+00 0.000000000000000000e+00 0.000000000000000000e+00 0.000000000000000000e+00 0.000000000000000000e+00
2.676446845067734226e-01 3.622287930374552545e-01 3.722223632712226005e-01 2.800816884753154490e-01 1.252378648254516003e-01 3.177390968406286764e-01 1.377958182931737774e-01 3.017141530824358209e-01 4.773203136497312232e-02 4.966656542983086675e-01 4.795764847175770229e-01 4.729546507141929035e-01 5.893493693129763650e-02 3.000446598306793500e-01 3.427036453607236743e-01 1.030610765680551738e-01 1.831388104456402877e-01 1.717452847053883846e-01 1.591747401952700036e-01 3.896003975959464460e-01
3.532376440608983592e-02 2.403357574461426061e-01 4.874349354534273093e-01 3.588302161825877024e-01 1.542440432250528348e-01 2.927042552799680175e-01 3.310471427950076873e-01 4.137669678436256548e-01 1.084693710939043099e-01 4.182235886472461805e-01 4.793929045407570588e-01 4.491922615735668423e-01 3.751838272789558837e-01 8.070376918031380020e-02 1.420358034516787382e-01 3.617578813928504222e-01 4.190172426345787349e-01 3.866331379800846402e-01 1.077462748444919516e-01 3.807993971874698014e-01
4.350354867190427965e-01 1.751596522033936065e-01 2.853269972035831215e-01 3.155793785233208526e-01 4.379213089409368376e-01 3.729715490201506167e-01 2.841280212138008396e-02 2.014164631488433999e-01 1.546405098703206304e-01 2.939717226439143849e-02 1.162433563206578813e-01 5.065029969493551887e-01 1.976446754236254044e-01 4.487641150930040540e-02 6.087913210216264193e-02 3.971915615933277466e-01 2.230215162397150841e-01 1.592058257327316484e-01 2.793615317873309190e-01 1.957450707419925717e-01
2.068262775344618942e-01 3.912497970638758593e-01 3.585535863472581741e-02 3.549315939940443920e-01 2.537817880315091923e-01 2.672253788813480080e-01 4.434583477338999158e-01 2.638284876357115949e-01 2.354064628388077562e-01 1.102927734693504441e-01 4.146556802811063869e-01 2.358278278314106247e-01 8.937526013651328483e-02 4.105512209495936204e-01 1.718434169238800269e-01 1.933939281364241980e-01 1.648025102132321396e-01 2.214519271434410227e-02 2.385763574841824886e-01 1.360371504754931127e-01
4.594977666739082783e-02 1.535418113475079394e-01 3.198751632670840950e-01 4.457431410530144356e-01 4.246782124689805205e-01 3.928568146786635684e-01 4.520976160971520302e-02 3.472718541666042769e-01 1.440054371135155720e-01 3.856443159467429216e-01 1.974928361559552814e-01 4.784722031071910187e-01 8.472354981034768695e-02 5.001380727047780583e-01 4.203071681312332553e-01 7.451728808829993778e-02 7.669253717231754031e-02 3.238992456755001581e-01 4.642555901023985299e-01 2.479357154485011261e-01
4.146631635432510565e-01 2.924295403875326604e-01 2.500519491030566699e-01 3.088074890765229660e-02 4.453308483976950449e-01 2.570977785666325177e-01 2.059945373053494178e-01 1.294633935891988663e-01 1.966425853037886140e-01 4.008864330145057719e-01 1.220898450249248424e-01 4.281172610244068227e-02 2.377744501345866734e-01 3.283645207452633996e-01 3.160017088563815690e-01 4.311395193496213585e-01 4.325338424895340816e-01 2.792319880814781441e-01 -1.191475632053359581e-05 2.677500733761920548e-01
3.243290894977776673e-01 4.426472273135567126e-01 5.014623429415092648e-01 3.533633312096443602e-01 2.149593579151618528e-01 3.670590044403878593e-01 3.311377415410944880e-01 4.484872943226532183e-01 3.353684462913815723e-01 4.369675364076691659e-01 4.531565637054336265e-02 4.371115661088813553e-01 8.617825520453659127e-02 3.218665049022417235e-01 1.504979662822372721e-01 2.760412336459894256e-02 4.663783105620908365e-01 3.126760838771673323e-01 4.602731497594107768e-02 2.766756691868181850e-01
5.333145954912772713e-02 2.357988129092773444e-01 1.859568948959018364e-01 1.119570307894916933e-01 2.305839582858069392e-01 4.617308741993650378e-01 4.658530118433887868e-01 8.842024587295464755e-02 2.682716453462735129e-01 4.039258948399124804e-01 2.620317025437025604e-01 2.677312474019966637e-01 2.411399757216756493e-02 2.183724676425841393e-01 3.643827974638438882e-01 3.915306493794857290e-01 4.986169794873869521e-02 2.442778935818280261e-01 3.037406170565332686e-01 1.232785752161370402e-01
1.104015785001945110e-01 1.482854131716017203e-02 2.373987846124429868e-01 1.290174463135256300e-01 3.705685841134293557e-01 2.011000358560806889e-01 1.006550938621077196e-01 1.240287153337428505e-01 1.775947701231460618e-01 7.662752069419037637e-02 1.704078035513743317e-01 3.212473368193301537e-01 9.979433308724737495e-02 4.486077087980755440e-01 1.981073643131516238e-01 8.688504090035051308e-02 3.712782492197997386e-01 9.075677967386977518e-02 4.029432941400262758e-01 3.092508958435822852e-01
3.204081170638099774e-02 4.790301864545613159e-02 1.320771179075198865e-01 2.508575207264161500e-01 2.339746956627515306e-01 2.790163481971367210e-01 4.859385907949080874e-01 1.899141086313721194e-01 4.008017394681734902e-01 3.948565295779726259e-01 6.666330106231996289e-02 1.010528487458761254e-01 3.290052212051131075e-01 2.285917115936136335e-01 1.865477651064103570e-01 2.655215555875565236e-01 1.045236348963509698e-01 6.344741303297952995e-02 3.459820358942012342e-01 4.806769057888096164e-01
1.682003042070826515e-01 1.395873657129381440e-01 2.107760605023439593e-01 4.519521747723699856e-01 3.454645008759213431e-01 8.677507202685021126e-02 1.116955250802044580e-01 5.095265906804385958e-02 1.518067434859342313e-01 1.581536621754610350e-01 1.108923478055836714e-01 3.200460308543977561e-01 4.721589579353938637e-01 3.795577383028375107e-01 2.966509519051686583e-01 1.658154589078924823e-01 3.931405994154568706e-01 1.099742362452785643e-01 4.776073529281980035e-01 2.652240886411986187e-01
1.640863051089521130e-01 4.805918187569769850e-01 2.181646451146268539e-01 3.614706886306278677e-01 2.233158914076955881e-01 3.037126639914022319e-01 6.610467405608693413e-03 5.956181440967489582e-02 1.388681506834163817e-02 4.468193696365758139e-01 2.299979114204760700e-01 4.845477432956033503e-01 1.589026012374754604e-01 4.113054672675334200e-01 7.135901393077949406e-02 2.924707998903527395e-01 2.723221133437929709e-01 6.715031241824274966e-02 3.215581586170027650e-01 1.586141184464652520e-01
2.263474685517231355e-01 2.556381854322321012e-01 3.634560010573659738e-01 3.266850707566832379e-01 4.844788068105801426e-01 3.741088558654834251e-01 3.328187970370982685e-01 2.695749838233621465e-01 5.891320717827818257e-03 3.630641814737455841e-01 5.955472964134073122e-02 9.613767491952630861e-02 6.820113134189489945e-02 6.832271640231141197e-02 4.808549692965974898e-01 2.925598349520422414e-02 1.743180553952956013e-01 2.503180902742127567e-01 2.149588889166101358e-01 2.983164066847927565e-01
3.532665272998204431e-01 3.974871295316629305e-01 2.479161268835385068e-02 3.187307741584985976e-01 8.552271563579529057e-02 -3.898610502981879073e-03 7.287818986946077715e-02 4.023107291536958674e-01 7.311186821925297341e-02 1.493217573418199606e-01 3.167007550548429640e-01 4.916851392308865809e-01 4.733159352518194196e-01 3.971068092228785540e-01 1.548065741237808213e-01 2.157610390555848301e-01 3.830533425352314336e-01 2.847688475476857772e-01 1.212494502130377627e-01 1.601941067485408987e-01
1.193603002836443050e-01 4.081859165047306837e-01 4.399750229365249066e-01 5.044673837984420262e-02 2.102383692073398203e-01 1.403551370146541577e-01 1.345610404872269461e-01 3.420782428942575892e-01 2.112378675099330083e-01 3.742058787069968417e-01 3.127357930961289223e-01 4.723706970690100815e-01 8.045701853155240446e-02 1.031125571442520761e-01 2.973055976433144343e-01 3.214990445968226029e-01 2.328283649855694137e-01 2.848701438643003736e-01 1.215510969206745617e-01 8.176209068265391511e-02
-2.638874538171740933e-03 4.369005851754264591e-01 1.503295541120833467e-01 4.888568760648774603e-02 2.793379031449820804e-01 1.827856442912849377e-01 1.689303473208768336e-01 3.240984421274306637e-01 1.135428147569444296e-01 4.673342326211678555e-01 1.797716228508276781e-01 2.113705012502417324e-01 3.703319891740703418e-01 3.319049495162703645e-01 2.783564886431938445e-01 2.007233176922918264e-02 4.517175690530529919e-01 3.894192213220245558e-01 1.244769333018012729e-02 5.814503346902628184e-02
4.959939859722867217e-01 4.267093251415863819e-01 1.330974535593325292e-01 2.757156779107072797e-01 3.962547565882308942e-01 3.883081592967151385e-01 9.923918422360697433e-02 4.599317695452458804e-02 1.055340857724828552e-01 9.420201682719885061e-02 3.997558212316985882e-02 3.291395118146078769e-01 4.773873511179547724e-01 1.600738548947119311e-01 1.145225895821214007e-01 1.597289736268496796e-01 4.101676016519924944e-02 2.304352689820285127e-01 2.666904367888625615e-01 2.384115262151901282e-01
3.636453503453780378e-01 2.824254789592368087e-01 2.028671981840418637e-01 2.513234076081003465e-01 1.081960842623262697e-01 2.320498867408746918e-02 2.175181223300184374e-01 2.208088679771688656e-01 2.795756184487591667e-01 3.010490202341070329e-02 1.972992465595868605e-01 4.522980119704677060e-01 2.500515470077465663e-01 2.737917815372381547e-01 5.927648997639119177e-02 3.925255910011963278e-01 3.314853604917209623e-02 1.498406749751911016e-01 2.477065533251417498e-02 2.780447554254775189e-01
4.779992416917638876e-01 2.149939846008879218e-01 1.693012256904558033e-01 3.315427887968628862e-01 2.053143841722203100e-01 7.212177084529027005e-02 4.383590670008264967e-01 3.981560044695667822e-01 1.530831322761555258e-01 3.235660209609197424e-01 9.993576482336158362e-02 2.022095813830920019e-01 1.127664007660385687e-01 1.067326349513880168e-01 4.339173934201791538e-01 3.977335680698843023e-01 3.580818183906197549e-01 8.912415723593038186e-02 1.017928268354355709e-01 2.360552857481337807e-01
2.816428066451673665e-02 4.186413252527680373e-01 1.682282026122095819e-01 8.330779818047939767e-02 3.958136181039911827e-01 4.105735065895016467e-01 4.475570465561404809e-01 4.819267274821745772e-01 4.024643784599870044e-01 4.779347208855455609e-02 4.617045917340387717e-01 3.407098971671579934e-01 4.308281314775975201e-01 4.062433755745316621e-01 2.142913409638579070e-01 2.372813144174016342e-01 2.619605077129370518e-01 1.160477916278866567e-01 2.639425303603436593e-02 3.782623063044995293e-01
7.748757565203263920e-02 2.153190569351611516e-01 4.944145982868371481e-01 -5.851027153377949628e-04 4.370580226006470226e-01 3.723480368711394317e-01 3.739560239032659883e-01 5.071598027350183724e-01 4.268346162197302895e-01 2.693785498315409699e-02 1.363028404409200312e-01 3.264636021713601677e-01 3.324274195185546454e-01 2.767736423533274093e-01 1.325449959283411250e-01 4.756417069354118010e-01 2.329832784639954690e-01 2.767388052350251426e-01 2.576998671027973253e-02 2.806875279372584853e-01
3.606035554856540370e-01 2.159965110141437994e-01 4.012877297968948098e-01 3.098405305492962780e-02 1.048241917150562058e-01 2.446919350855216724e-01 3.626750245338730694e-01 3.810311693962545876e-01 1.829867848237747181e-03 1.931172421504636083e-01 4.905769952009751966e-01 2.859005858171163594e-01 2.526642208700786152e-01 4.698072041018559464e-01 1.791460217875082694e-01 1.217764796929453885e-01 2.467135437700900547e-01 4.913624176592215620e-02 4.719335831495574674e-01 1.422609484313455130e-01
4.298323851444222354e-01 1.635379163422821525e-01 3.670527908082031332e-01 -2.983520797867837259e-03 3.605462658856801728e-01 3.857172346524334605e-01 3.102366628766268231e-01 1.710722682869036948e-01 4.771985140168517603e-01 4.118122992634040691e-02 2.693631271679999828e-01 3.001366499674175126e-01 2.254681389911618317e-01 1.630216530667077945e-01 4.071795757168817920e-01 3.953148503292550076e-01 3.019159342247776379e-01 5.077460448887417543e-01 4.013089742448983643e-01 4.228049726226675298e-01
3.955355967580277410e-01 8.589661598960809941e-02 2.982076731270810188e-01 4.256691440027035589e-01 4.732406308105144288e-01 2.403306707623750760e-01 1.072790256320308722e-01 1.140889123565491797e-01 1.442512165135383939e-01 3.931123121225157391e-01 2.727979252128351906e-01 3.418089246397428838e-01 4.215332519474342399e-01 1.890271201662862416e-03 3.891810681138828110e-01 1.323869300720793285e-01 3.102448953683994426e-01 6.375722688999950483e-02 4.990930022296663493e-01 4.479830859410868227e-01
3.230116300924068540e-01 1.377119088643461720e-01 2.548145395654948797e-01 1.430224967117102453e-01 2.428425789463266593e-01 3.910082566717125174e-01 2.217614994764563821e-02 4.304660139866934854e-01 4.001296397936183746e-01 3.721065211185194954e-01 4.742504704392801473e-01 2.361494070504545906e-01 3.876903177224023112e-01 1.912757655963511771e-01 3.064262343536136579e-01 2.545328620713828149e-01 1.160329119200138454e-01 1.360420605349867140e-01 3.277273983939231472e-02 2.797078600770434575e-01
3.945618054095638427e-02 2.818755584513253365e-01 8.235579406021381610e-02 4.881992009005358124e-01 8.533120769049483759e-03 1.257261893557373167e-01 1.403513110969445143e-01 4.477213473489162765e-01 1.305885723242319052e-01 1.725957127069942809e-01 3.759694482283096328e-01 3.684537135278531106e-01 4.515631561844949404e-01 2.744310233374025465e-01 3.386996707387271988e-01 2.449765627065843554e-01 1.810336666950827511e-01 2.638346630379636015e-01 1.126261297370133169e-01 1.719111646803564986e-01
1.893288829819584351e-01 4.830170525774682977e-01 3.632879067500531245e-01 2.770958875409358368e-01 1.030489874953695595e-01 2.840847168382875654e-01 2.933525635116463470e-01 3.809834916995462062e-01 2.871361968709801871e-01 7.465899497901956616e-02 5.917945867787687692e-02 3.793495375529615243e-01 2.693174840107071533e-01 3.469471168921485771e-01 4.271382161379587150e-01 3.932314502257664990e-01 4.852007451334093280e-01 3.383254738372157844e-01 3.799874892512142832e-01 1.406837754613401437e-01
4.356168630083647186e-01 1.744671324570277460e-01 4.372103797974914025e-02 2.984416720225166464e-01 4.661857760647976634e-01 3.356718861906852203e-01 1.379574665726241434e-01 1.019011781869642308e-01 2.327666798950335791e-01 -1.283672004593543539e-02 3.130961415570277517e-01 1.425999343927379093e-01 1.550009289273624746e-01 6.624503981049504123e-03 4.350786640959349305e-01 3.586421914516887965e-01 4.546307936854285803e-01 5.354796623820177320e-02 1.842105505960928702e-01 4.308319485111039571e-01
3.636973650266337593e-02 3.195141992493236160e-01 2.170848124902313714e-01 1.109669403543240840e-01 1.891361298731795704e-01 2.801949913434390593e-01 3.389245487852876604e-01 8.669411906155048697e-02 4.855301950293633984e-01 5.163802202867372459e-01 2.666272244524147128e-01 4.088778463520161000e-02 3.626853672579311572e-01 2.776650519632540837e-01 4.652105093031225769e-01 3.862096808984045310e-02 6.504020986061886944e-02 4.033885503427173114e-01 8.178988409058852993e-02 6.099837946322263227e-02
2.149270090187336280e-01 1.361173969722368274e-02 3.395189716773125976e-01 1.587285045420492313e-01 3.366507672912962684e-02 1.298899175417358304e-02 1.764355353683245142e-01 4.115352946516028232e-01 1.314651806102721254e-01 1.067419031103964827e-01 3.697740031007644701e-01 2.471045022624215604e-01 3.585416063452889768e-01 2.097393948628621108e-01 4.096804598291282629e-01 1.277698703831058324e-01 3.702653728021655377e-01 3.834324007247220112e-01 3.685686801195107165e-01 4.655645596739632630e-01
9.266500379188030712e-02 4.978957252632293384e-01 3.177697132496110077e-01 2.286146024699035051e-01 4.366143938425193216e-01 3.344733861654209939e-01 3.986759462207058180e-02 1.861904919981622053e-01 9.284260479087125262e-02 2.284135159327415621e-01 4.766536078150113709e-01 4.342559010293222665e-01 8.517539233002181798e-02 3.511486653073092601e-01 2.492742663126590041e-01 3.960082874362686467e-01 2.439775390264946331e-01 2.967851705112600769e-01 4.761739645049737901e-01 1.291273351190338758e-01
3.256986123035770508e-01 1.468165133000434441e-01 8.823011755397085210e-02 4.914000574693819789e-01 2.088439284499289117e-01 3.615132058878253174e-01 4.283117009134426723e-01 3.254388580179654600e-01 6.884673785298812965e-02 1.625819695263890363e-01 2.435986862928014862e-01 1.491680454754783780e-01 5.532244135424622955e-02 3.087266124061848194e-01 2.152129269680124746e-01 3.804894917120545950e-01 9.772418743455860146e-02 2.142337854555024512e-01 4.659589194037274673e-01 2.669503158067049187e-01
6.150870220104330544e-02 2.903556998438173165e-01 1.655507884077052627e-01 1.524243501206600238e-01 2.008131734081485820e-01 1.614033654740472112e-01 4.796303504892664438e-01 1.572130614173429808e-01 5.905019696810970969e-03 4.270217521992432652e-01 2.159352930815772523e-02 1.562751487442125831e-01 2.735590138523714618e-02 3.604848121942554884e-01 8.535965758322665298e-02 3.524276304535384763e-01 3.142925035441965775e-01 2.530239999450821231e-01 2.005959963381168387e-01 5.601942767937843903e-02
3.431001652861626616e-01 4.403031727924787142e-01 4.684335609891186469e-01 1.557665293449039812e-01 2.850388738468050409e-01 1.972261127195073793e-01 1.407143600197170441e-01 1.132948691266920382e-01 4.207155262698851206e-01 1.562415595784961697e-01 2.840950746531353266e-01 7.520632979960131803e-02 9.359573586236066833e-02 2.748461918376196578e-01 3.736096534249729040e-02 4.185109284361446247e-01 4.283794921402352962e-01 1.207962383960463522e-02 2.552386475262808929e-01 4.757497227766891434e-01
2.025856289316607384e-01 4.888459492531984085e-01 4.950347488667634632e-01 3.311980285116752354e-01 3.570607063261186376e-01 2.408743616799998710e-01 2.258871158733330997e-01 4.343136915137450482e-01 2.632532157572438081e-01 3.414099585312939111e-01 3.808930975580007150e-01 2.264255910860935861e-01 3.682815632745011780e-01 4.913261011910222131e-01 7.761153632093051313e-02 9.933127267807050076e-02 2.594157285631296661e-01 8.276087905908939557e-02 2.769411311234969419e-01 1.789305210857687067e-01
4.039997746097947484e-01 4.400227295627603397e-01 1.483583337932536661e-01 2.318709323535540490e-01 2.110465260662103548e-01 4.670884023856840539e-01 3.299141039434548839e-01 2.651172299830377166e-01 3.162290286836903497e-01 1.522601321595939972e-02 1.653068956305586423e-01 2.466738325519614583e-01 6.799640266915975284e-02 4.340938469495903562e-01 4.119814080583935612e-01 1.159900514038772340e-01 4.195114154803024631e-01 2.207353538669638848e-01 1.889576681987091833e-01 3.113607269891871532e-01
3.989311215363646745e-01 1.861054692537544852e-01 6.458151235540265933e-02 2.194956954403888827e-01 4.868422208916272087e-01 1.212397286181192829e-01 3.962526052870335783e-03 1.035159241647849032e-01 2.749435552835622493e-02 2.108277882944276926e-01 3.752144986086250467e-02 2.734778022293693489e-01 5.652289605702406905e-02 4.507882735401104179e-01 4.878003427887352417e-01 2.054918049739240804e-01 1.611771853263146981e-01 2.431405863060492056e-01 4.219783972773752945e-01 1.741845329231782591e-01
3.590416511487309337e-01 1.225007003216094376e-01 4.629086143378556839e-01 2.847412560778233570e-01 2.699063299358759882e-01 3.183900996025188501e-01 3.372512766316425603e-01 1.906891699307000088e-01 2.007713073370362145e-01 2.133132646849459080e-01 1.387169975422295476e-01 2.524929793528175592e-01 3.621694340547429447e-01 1.802265097619569767e-01 3.070278176847364704e-01 1.702519168281813877e-01 1.621678824561024468e-01 6.057940886276768494e-02 3.778053760981522347e-01 4.142115067542613271e-01
2.564915718043365156e-01 4.390908849450863433e-02 2.655523435741432778e-02 4.691253952121253179e-01 1.475032426421041820e-01 7.432066043467017158e-02 4.034890819012207919e-01 2.321860198027355660e-01 2.489821515522244177e-01 6.448891869216970274e-02 4.656124777548550364e-01 1.158844096679517571e-01 3.487806917338343027e-01 4.098000846846279743e-01 6.523781745686874078e-02 1.099593117392740349e-01 1.559104769892059872e-02 3.582893767242489313e-01 3.467949706681133781e-01 1.426315717944660194e-02
-3.342849521152227877e-03 3.261884868998935483e-01 1.640394006113929659e-01 1.118244298269346348e-01 3.757898351000613646e-01 3.973121972600094365e-01 3.175899876478562311e-01 1.270155531731894660e-01 4.442519985268483240e-01 3.390956528806365333e-01 1.966257389602897240e-02 1.482069960957188917e-02 3.627799395762837942e-01 4.446209723145306825e-01 5.588697894700748320e-02 2.629383732707328281e-01 6.203379231853983072e-02 3.407104114831325387e-02 6.898636622442196054e-02 2.678945288453627241e-02
4.212028701363698668e-01 5.707170266035121314e-02 4.980119019455496732e-01 4.408593532668327875e-01 3.768700215115475260e-01 6.351774760901589267e-02 2.267798583412651003e-01 4.747471277741242557e-01 3.892931028659359916e-01 3.926656324185094360e-01 3.281153123626461832e-01 2.956437407089565483e-01 1.631425113412186267e-01 2.873888454592263275e-01 4.580871337231782192e-01 4.134363249571593180e-01 4.596241129123950220e-01 2.279264142498537704e-01 9.766219459218575261e-02 3.682799287465290394e-01
4.603555284972716821e-01 3.798500198647258852e-01 3.215756504390482884e-01 2.192974835913552925e-02 2.262216555222320846e-01 7.424541233882732405e-02 4.950310277468736309e-01 4.379890065887185324e-01 1.510495812991061171e-01 6.184382229204860026e-02 1.461955257382524520e-01 2.496991263390458682e-01 2.856008828921473564e-01 1.196232171063036642e-01 3.883679239099221969e-01 2.593227281200979339e-01 1.271759474676272261e-01 6.231323401998704881e-02 1.510793983227301240e-01 2.451338463257684841e-01
1.662261687687842104e-01 4.398427716695469392e-01 8.994185159285958409e-02 3.403415797411823984e-01 4.866558321093010231e-01 3.160343741774473969e-01 4.963027709819710642e-01 4.557708414955181642e-01 1.680778465737267635e-01 1.003183751504021226e-01 4.564218659398229239e-01 2.616072829332365957e-01 6.495000235792909582e-02 2.230080014159571411e-01 1.618850039670677032e-01 1.471703091151677634e-01 1.837754021307958785e-01 7.647353936289945364e-02 4.726508232014623445e-01 1.871771988334465786e-01
2.032822156154917223e-02 4.518318758582761108e-01 1.421080595068459629e-01 3.940567925594574694e-01 3.146470260479755088e-01 1.330388599234181290e-01 4.255296942117802739e-01 1.443705282200625217e-01 3.319060117483687566e-01 2.048284409075259715e-01 2.264219090232857390e-01 2.236607641845512195e-01 4.797541170460998261e-01 2.391310211010395925e-01 3.094651005081532902e-01 1.599482862536066863e-01 3.347015529883871632e-01 1.236084801751885925e-01 1.040220246594963094e-01 7.874128106099700930e-02
3.519790707003389030e-01 7.215488533788878486e-03 3.318211730887583588e-01 3.350100331216736005e-01 1.520907152051758082e-01 3.155405133262623174e-01 2.710036998017870125e-01 4.807780629882705825e-01 3.157805956863560248e-01 7.269471534792393275e-02 7.582209938925424386e-02 3.051406621696423627e-01 4.789432065430472285e-01 4.727987115998789069e-01 2.385586318067871303e-01 2.510096056856374602e-01 1.091932622957565574e-01 4.719625338486264921e-02 3.272326570971990090e-01 7.771878678375411520e-02
4.211618152037329699e-01 4.882433334439352235e-01 2.999177524053514565e-01 7.336604940907466565e-02 1.359120409329616641e-01 3.056347974748596097e-01 2.759157096032404666e-01 9.535065708623896574e-02 3.702725432608360290e-01 4.515323015217949099e-01 3.770700238009168370e-02 4.367810067017120490e-01 3.273772686629464190e-01 3.096385001304621243e-01 2.170502977873957628e-01 2.077172940456109007e-01 1.893780908353576709e-01 1.355668876288065039e-01 2.248173305342918704e-01 3.244947298960922377e-01
1.327321646734262450e-01 4.134849471900673423e-01 6.105967525144233993e-02 4.122795260546978091e-01 1.932999766057052690e-02 3.556688489359845738e-03 4.190052618848188470e-01 3.912519347136421688e-01 3.376442103055358190e-01 3.031711987118583251e-01 1.477237746800093288e-01 1.663360321815599840e-01 2.671946708136243576e-01 1.401650743617906258e-01 8.783043621346971197e-02 4.612171446628543503e-01 3.834022368373882217e-01 2.405205283596235921e-01 1.821297173246204382e-01 -6.895674259877732255e-03
1.370541452869989026e-02 2.682981616903334920e-01 3.719223327762780640e-01 2.117588352588876122e-01 1.097671822555349730e-01 3.425596643919520123e-01 7.536191443108557209e-02 4.605854330893863896e-02 4.900704837068062814e-01 4.995421213296101226e-01 3.286490140634439061e-02 3.571185394284109860e-01 5.641082200065467012e-02 6.203858190653278350e-03 3.612835765735954163e-02 4.248913277574605796e-01 2.336385627161989206e-02 3.083080507377017332e-01 8.017629708754256401e-02 4.883615315955435188e-01
3.227511841273636994e-01 1.806144179318917298e-01 2.874676994506564220e-01 7.068560022997260987e-03 4.406981866415167759e-01 4.291568454265413113e-01 1.252689181166231347e-01 3.315028416665254940e-01 2.306319517660844753e-01 3.033975493981564409e-01 2.684304931468297142e-02 4.770947242427933666e-01 1.753275499592655273e-01 4.101315406425620758e-01 5.716668087586121438e-02 3.901138912948832749e-01 2.769697113232160723e-01 7.910209689944275313e-02 3.008835794265908303e-01 4.596852462823576291e-01
4.863551997694071094e-01 8.205253436566311773e-03 4.759758710403717008e-01 1.683726257352178013e-01 3.614874447113620715e-01 2.367660543221217218e-01 4.492346314137665164e-01 8.778467283968241497e-02 2.752518092328359867e-01 4.095909732324125030e-01 2.309495856065500174e-01 1.106766729163607826e-01 3.751500222008823382e-01 1.477839888458649664e-01 1.738362114549406034e-01 5.050495747434506633e-02 2.327455954334409771e-01 3.683685127742227783e-01 4.277301727405445342e-01 3.231601514779505659e-03
3.524773480887039567e-01 2.440337187949566111e-01 3.101990383539453000e-01 4.539863311415455738e-01 4.269955516224812619e-01 1.445424781626661326e-01 3.224318081734033337e-01 2.168589555823021570e-02 4.080397303053459046e-01 1.844252358885766496e-01 1.919212939710886745e-01 3.166834609533918932e-01 5.114003302506838766e-01 4.879949210573127916e-01 2.992929431756219394e-01 4.512623884144419950e-01 3.267511737206498790e-01 1.849258362969186109e-01 5.969097679002754661e-03 1.616642552201568994e-01
4.876724866973223410e-02 7.945111971139347251e-02 3.417641589790328394e-01 4.887491715090763189e-01 4.712546280940463350e-01 2.016025669784799468e-01 4.936910238145157948e-01 4.405778249425366111e-01 5.047808741910356778e-01 6.204105978840813995e-02 3.384669775983109585e-01 2.654427257383562902e-02 1.922476553348564099e-01 7.967768435172845054e-02 4.448279663879349810e-01 2.818001286229514513e-01 4.676857312773876618e-01 4.116465623987940470e-01 4.007143801397373695e-01 4.555419268116940867e-01
3.463985515583114516e-01 2.867124733915106249e-01 2.308294596812637822e-01 1.304798957893009703e-01 2.746379476643025230e-02 3.761327507133733206e-01 4.196168738583765379e-01 1.132803835194522019e-01 4.945278672780419327e-01 2.915037456655932835e-01 1.262042818654314225e-01 2.616775186196159675e-01 4.059817324864261612e-01 1.299678363925144131e-01 1.883335191874780934e-01 2.326148661923400085e-01 4.354484541785283436e-01 2.166159775729700407e-02 3.836757429737545633e-01 3.719158115584539903e-01
1.100589642000720375e-01 4.189043976425758237e-02 3.801583892888591443e-01 1.858557585496154740e-01 2.958958830201483536e-01 9.691056942510720140e-02 2.069407826142042328e-01 1.954692442434997207e-02 3.137983466843327629e-02 3.693167054899963442e-01 4.023808369618182557e-01 4.061298000506671779e-01 3.057707583961496445e-01 1.980662800395170398e-01 1.065468444100406281e-01 4.218238848139093111e-01 7.801349506415990176e-02 2.363833043918628085e-01 4.670959543040351658e-01 4.821679984389430351e-01
7.523945501618080345e-02 2.939855407797808406e-01 3.123726108880205132e-02 3.812365017258876887e-01 4.862115501667762518e-01 1.179111232574146656e-01 4.569179448078156125e-02 2.417886842941656400e-01 4.758928654363715482e-01 1.549462112626463425e-02 4.707750262273615594e-01 3.180811188218383712e-01 3.099650420742029455e-01 3.244140694881629539e-02 1.155881002000819779e-01 3.413714397882008228e-02 1.514175130616973453e-01 5.823758510226061114e-02 2.346258425751948373e-01 2.155026507525092394e-01
3.320650957832232408e-01 3.921047298359990885e-01 2.107020865574375235e-01 2.877049561947442324e-01 4.084383136857129282e-01 4.554363084969096365e-01 4.653144255469873758e-01 3.853191771693996182e-01 2.606574745956151129e-01 4.446368402247082852e-01 9.130347620253370655e-02 4.707947472404931388e-01 5.061358660313944879e-01 2.715600215339636914e-01 3.202052408844185960e-02 3.218260810223927959e-01 3.400821044899042800e-01 6.665128727438206224e-02 3.213659247530578078e-01 7.655701875817169655e-02
1.448538364539100620e-01 2.895770993509826918e-01 3.256970251690997631e-01 1.588791211389390390e-01 2.162504299390066997e-01 4.749477311639245802e-01 1.012156159088825613e-01 1.121976098177442094e-01 1.534528785451850508e-01 1.978206990646556585e-01 3.206962309754239349e-01 4.198410803405180358e-01 2.742286429673821413e-01 2.624471358809692956e-01 2.475116214518754965e-01 1.996172491108706148e-01 9.378828790099820456e-02 1.371849942321574749e-02 3.675512513513957691e-01 3.345427239398544583e-01
4.831092521762919700e-01 4.917358844750303049e-01 6.353089190671165620e-02 3.362109391913117862e-01 2.444218647893061647e-01 3.798568047918957080e-01 2.150829484689386339e-01 9.212572923739392738e-02 2.654150195325165607e-01 5.000227943220428850e-01 8.836695357594410993e-02 4.136100074424688411e-01 8.929333921652958528e-02 5.278997731261857868e-02 7.401729239580609465e-02 -5.953406974840967994e-03 4.120447391253122087e-03 3.563511756040649847e-01 1.033029267049263011e-01 3.773356285130892163e-01
4.860797807832648032e-01 2.360699887033065325e-01 4.716734052428337987e-01 2.583363829682542856e-01 3.518911561789009879e-01 1.715446427561916620e-01 8.965305687656162370e-02 3.459770318918547471e-01 1.279989912214429537e-01 4.257650440596990049e-01 4.797204975900347668e-01 4.637164913469244421e-01 7.680115545738089300e-02 2.465853223325407961e-01 2.375104833878849686e-01 7.534217729730124935e-02 2.419702065637126531e-01 7.980725570388494394e-02 5.037855067524106278e-01 4.267773842269659834e-01
2.297826552299211955e-01 2.163134261807883596e-02 2.863872623026655351e-01 3.798050663981698549e-01 4.824337545231338620e-01 1.629533772570526673e-01 1.209811646753508746e-01 1.431033228945152169e-01 3.205994419713912302e-01 2.488176254702841039e-01 4.170213131872378409e-01 3.778915174004540134e-01 4.913079109324750698e-02 2.235127252227727124e-01 1.977777503136343984e-01 3.756050563500388378e-02 1.220039699568538638e-01 3.339820369450317017e-01 3.274989392041177672e-01 1.019367806375383045e-01
8.218349574040005601e-02 1.988946056316578115e-01 9.155987136329493681e-02 4.613552603387038875e-01 8.387912231753859998e-03 4.754592279571083768e-01 9.335119123542141850e-02 6.163916378147767106e-02 3.974311565697463688e-01 2.494699223212050732e-01 4.831636347076588844e-01 2.764552336498568019e-01 4.825702338852779216e-01 2.128344934880325168e-01 4.581722751190699383e-01 4.953059979110530087e-02 4.092107167147289726e-01 7.715367843468194653e-02 3.688760691023473259e-01 3.313093503313644383e-01
3.498535561457315479e-01 2.167332963951354718e-01 4.858411025488176826e-01 2.402774928785220976e-01 3.615073852386810893e-01 1.972807201918951592e-01 2.086445983288659767e-01 4.972168339822079508e-01 1.182257174968523727e-01 1.829529130986055074e-01 1.486902939518888467e-01 1.756096809535455383e-01 4.101393733835255739e-01 4.152926352175731473e-01 1.612959168257744880e-01 6.383568213070180131e-02 5.433522288704822206e-02 1.833656891353677432e-01 4.246182035843412139e-01 3.899623470008053427e-01
1.057680203944138392e-01 8.860217329029504429e-02 1.109305513308182500e-01 4.224759798630716157e-01 9.755969733012832476e-03 6.420951902038143227e-03 1.856023599876403252e-01 1.519221696456572179e-01 4.952575649440214556e-01 3.241895524378780175e-02 1.355368644142835310e-01 3.418938869943862757e-01 4.116486461640878058e-01 3.258261834211192420e-01 2.135873064494305806e-01 4.335419162121730841e-01 3.122380505460007893e-01 7.650188765039842020e-02 4.849604955857239608e-02 3.731183085059012194e-01
2.112115516633399914e-01 2.565888604038601417e-01 4.577193675207008594e-01 1.026160081489071590e-01 4.259860472906873419e-01 1.055819595200701150e-01 2.305772856904629853e-01 1.564983839382577679e-01 1.185091080768707755e-01 4.530413017032214884e-01 4.852853228323278922e-01 4.792495591621922513e-01 5.046775627833433725e-02 2.166970162071885919e-01 7.863960254266426364e-02 3.188670030711240888e-01 1.150254841193934646e-01 2.209117031819590182e-01 3.265572318110800953e-01 2.324125806054987697e-01
4.017538316516763297e-01 1.804807913146111442e-01 4.791978159356938827e-01 4.203230780430293745e-01 1.982376563672129388e-01 4.175760025855314028e-01 3.448999372042957368e-01 3.461331930559946035e-01 2.957355208141425051e-01 4.801228323153998168e-01 8.505016638266071904e-02 1.112437339787706175e-01 2.976755648266133369e-01 1.811901049113702200e-01 1.801830935873301176e-01 4.091872516135844351e-01 2.812885544783919056e-01 2.609813119717219188e-02 2.069732697244955899e-01 4.043287702716978349e-01
2.090525641238309695e-01 3.747377492724111026e-01 3.578992155124354757e-01 7.540981893329129493e-02 4.725831615441926647e-01 5.595864368475430423e-02 2.065078547551282284e-01 2.945204820902225795e-01 5.025195154048002211e-01 1.267717670637339700e-01 4.601718555306105046e-02 2.808274543936237211e-01 1.573893099111311755e-01 8.536449728769850143e-02 3.942045259715074024e-01 5.024810324510763093e-02 3.801465214508804591e-01 2.734915252455806245e-01 3.109927260586491937e-01 3.058874846930244029e-01
9.976371575343855047e-02 3.719005657202806847e-01 4.120415415776548240e-01 3.341801905075387769e-01 4.665473602513390272e-01 3.040868580423139456e-01 2.248578613370704748e-01 1.691078792131387454e-01 4.297906024399315572e-01 4.286017665152242612e-02 7.222148828684928079e-02 4.301129127771958355e-02 3.490378548391404601e-01 1.042989365227958015e-01 4.398762217891262205e-01 2.640491280887378722e-01 3.456662802631934039e-01 4.931593324503737996e-01 4.096462585729369055e-01 2.989217709845768400e-01
2.363458651490638052e-02 3.567054458839519909e-02 4.832133411042187077e-01 1.884060947945806197e-01 2.951635674787880803e-01 4.665921477258541117e-01 4.427657492077109458e-01 1.380549903083510555e-01 2.943324804392888350e-01 4.796378400018253552e-01 2.153707411588497711e-01 4.461282740255960721e-01 4.069195924016890120e-01 8.219528217140006920e-02 4.377289970349994563e-01 3.776992708301046830e-02 4.240629411698766393e-01 3.850705300914269436e-01 8.499176957820749057e-02 6.757178905990067486e-02
1.917287822498204841e-01 8.106922698837291941e-02 4.264991752084943966e-01 4.467541057575954433e-01 3.616997944170000090e-01 3.816163226994536140e-01 4.857930952109009159e-01 4.838236996845807214e-01 8.791752498609676017e-03 4.732924214760416692e-01 2.948082567968876577e-01 2.605705602259020814e-01 1.629929881925279433e-01 2.230993976183860139e-01 4.172644948068324755e-01 6.156077159545560867e-02 4.544378019420603487e-01 8.551863247592089712e-02 4.106479689799620303e-01 -3.853271267002362620e-03
4.856882018463624662e-01 1.083618673978836849e-01 1.681942745187831600e-01 4.530843004703551946e-01 4.084372052065339265e-01 -1.856355382384840616e-02 1.866053291624331922e-01 2.746255561804273326e-01 2.225642496929091108e-01 3.979627488335675811e-01 2.502233311139634431e-01 2.276824727405997104e-02 1.601639758395456969e-01 2.359880375888932513e-01 4.653928416659482981e-01 1.048519162072697880e-01 1.589692251637974396e-01 1.941303327134272783e-01 4.239081958749200685e-01 4.872401382428080407e-01
1.132637065228721818e-01 3.120284143976589930e-01 9.328616440005861599e-02 3.874858142308021391e-01 5.873018143223709964e-02 3.639557274953605370e-01 3.447364836404051558e-01 4.549339435537737009e-01 5.815311871563482587e-02 3.894022756826528986e-01 1.941659565501496487e-01 3.812870100845557886e-01 2.783061105852521755e-01 4.448801019162133552e-01 9.325163299155384000e-02 3.103092410675191704e-01 1.225964523345104418e-01 3.041592013678103834e-01 3.543617151876787275e-01 3.911723461638327293e-01
1.373816439474431772e-01 3.247205293469627718e-01 2.124673319828538909e-01 2.442008147033229715e-01 8.472773053526838627e-02 3.166123789338221028e-01 2.880384951292360718e-01 1.451955612762315939e-01 2.875312516466073665e-01 4.646571368259599932e-01 2.071452395321155826e-01 1.158808419596092376e-01 4.742886984433070663e-01 3.824141378126897917e-01 4.481399781379143132e-02 8.458948891470871589e-02 3.898554587638691782e-01 1.550604406625195053e-01 2.759451815954474529e-01 1.592924067612490613e-01
4.932095846621846746e-01 2.110947847463479354e-01 2.630523221933274147e-01 -1.363475414674405681e-02 4.510803460780699048e-01 1.080368553655973451e-01 2.300066426818474577e-02 2.781062121432887890e-01 1.719034681316227581e-02 1.858540339116658835e-01 1.492020436588798737e-01 3.299930654033779165e-01 2.544210212022708362e-01 2.790574204706466332e-01 2.042912239938878272e-01 1.151498697368398549e-01 4.992944880429499299e-02 3.641996508607224237e-01 4.347186998079683451e-01 4.388146632973676797e-01
4.844916579731687323e-01 1.351940595866464312e-01 4.551431338200772059e-01 -1.371662369097864133e-02 8.409619459140628417e-02 7.674130170668076734e-02 4.675909054776561380e-01 1.226015302100333382e-01 6.397075181098259983e-03 4.168361465707217106e-01 3.574071636964635257e-01 1.689778080892107848e-01 2.357180751088896187e-01 1.622820102693688926e-01 3.692483428014261548e-01 3.580643321697143944e-01 3.657951922854474902e-01 3.017957847215504419e-01 3.786160608883244461e-01 5.355723833411592943e-02
3.134630570712859110e-01 6.094117385943140230e-02 3.174458165854919245e-01 4.223200400423858247e-01 4.373845013676686544e-01 3.466074819947991825e-01 2.985849073395221986e-01 4.001981766652149552e-01 9.736823302905753263e-02 4.561454869743430396e-01 4.262696384907254110e-01 9.997928591371881002e-02 2.093291755954804767e-01 3.323971563375137106e-01 1.140631294079394037e-01 4.127907509460647384e-02 4.497811896961568245e-01 1.533164827812906299e-02 4.528155087569977755e-01 3.355402764408434435e-01
3.708865497224362873e-01 4.212422135858844285e-01 4.089271904569425908e-01 3.322494005495303382e-01 3.111951655702683839e-01 2.325395633683137731e-01 3.630511032379492020e-01 3.776522058920230296e-01 4.771238383631812296e-01 2.339425877083776417e-01 8.735915930761438408e-02 1.860862747552439467e-01 3.786606297685252698e-01 4.428799260473304661e-02 7.037028078582938106e-02 2.063918163730971977e-01 3.450007291707173351e-01 3.061790983449378389e-01 2.323637158701038485e-01 1.255660203218674498e-01
2.662757084477305747e-01 2.820549644835245173e-01 4.296895041933876946e-01 3.375818793829143960e-01 3.005082832804959470e-01 4.455317880692097887e-01 4.145437874140953105e-01 1.245834581702842114e-01 2.246770263638177834e-01 1.826422114989119383e-01 3.515955723395600696e-01 7.875056267726657233e-02 4.601421320572800511e-01 2.300745253976181071e-01 2.504309594023896302e-01 1.145256539740928912e-02 1.090143334836090744e-01 3.718283122772778060e-01 2.540953788179685091e-01 8.240244284694020482e-02
2.804474286522097293e-01 4.865161696338842212e-01 9.310308654281700125e-02 4.920528406144600853e-01 2.331634000698178388e-01 2.133193592613034650e-01 5.297284897285810257e-02 4.757790822069336567e-01 2.079819210819343622e-01 7.454568086725607556e-02 1.834481446127107507e-01 2.729974915260608426e-01 1.117085865852441851e-01 7.571486953121527030e-02 3.698551880005960801e-01 3.578906134348895374e-01 3.910818443653798493e-01 1.541715323764970558e-01 1.517034637401856456e-01 2.323136855204223084e-01
1.632248228720023231e-01 2.329344756344569056e-01 1.232822851537000441e-01 2.660322644757380783e-01 1.613242244920832236e-01 4.156174303950581073e-01 4.829058265107072923e-01 1.547144336424267907e-01 2.415659625583870262e-01 2.908400137964172738e-01 4.583581180832274060e-01 3.460022978410912664e-01 3.212987506984638086e-01 4.244391966297861862e-01 3.552860439201198650e-01 1.247061400508888973e-01 4.228164662225639692e-01 4.240768575676537311e-01 1.305328358757177898e-01 9.673386093995585411e-02
3.824391975529869980e-01 5.570109415271814329e-02 1.514032072150116870e-01 1.262044266462014064e-01 1.103707383061051789e-01 4.850765682055980244e-01 3.845929967951334238e-01 2.330326226283443991e-01 3.954176085421510778e-01 4.116806800543559852e-01 2.187695012187165777e-01 2.039207973398816376e-01 2.391386047672681425e-01 4.321224688799576441e-01 3.008733889235005732e-01 2.436556170275917255e-01 2.138786358447160585e-01 1.975143863201623828e-01 2.039041798880947276e-01 4.147049093120721563e-01
4.035901430193288286e-01 2.246747740572240803e-01 4.523734024647420582e-01 4.076362759827325544e-01 7.789646609891180684e-02 3.671436371508512431e-01 4.634038062873466202e-01 4.811319800821408088e-01 2.973645932062142228e-01 4.013852201604692360e-01 1.127690736979377467e-01 1.595011015152483225e-01 1.625549970256315035e-01 4.960173879648977491e-01 3.829261872977185455e-01 5.775373234468500483e-02 4.571088628732881270e-02 3.394898417203380259e-01 1.776278522023104489e-01 8.949816928918402636e-02
1.982196118234231808e-01 1.659989393692887227e-01 3.775305777028151177e-01 6.897051054600225606e-02 4.961643027578475224e-02 4.081717605549650685e-01 7.526905195202775178e-02 4.694667099114459563e-01 7.232310194735597914e-03 6.546794971504117655e-02 3.539991018397155575e-01 1.215285693093760694e-01 2.393202187572038842e-01 1.814743608670262576e-01 3.220079700476976003e-01 3.190105549498853943e-01 3.611082984821190056e-01 3.559851296247059094e-01 2.633254437505481160e-01 8.341247429952042269e-03
4.593882857630210981e-01 4.404109999905592709e-01 1.134668224000038445e-01 5.869129220967958527e-02 3.129908769413841923e-03 1.095294153086386335e-01 2.761453268472411349e-01 3.914824516277726763e-01 4.595857280468845785e-02 2.438893280049101997e-01 4.900657654279165776e-01 3.534691647589427999e-01 2.988487554135007551e-01 1.784253035518933994e-01 3.224079276778057390e-01 1.039570606697264726e-01 2.776843944660271624e-01 3.907638729038518943e-01 5.137593569899849832e-01 4.705651880069464110e-01
4.651467772292380842e-02 3.045971605243111835e-01 1.707264331983601724e-01 1.864109879379701462e-01 5.938613530985760447e-02 4.794913491253045557e-01 3.004677571163518190e-01 1.425311060656159479e-01 2.891489186768303465e-01 4.990043745274605480e-01 2.176958439183275806e-01 1.759024988025923997e-01 1.741992475820446917e-01 6.879366595404363439e-03 1.260880654395791500e-01 2.261035914186753093e-01 2.638750672224652871e-01 3.202875002264214954e-01 4.501601885280185900e-01 4.756948995358672994e-01
3.189205324451908075e-01 4.984967201486665278e-01 2.941906045548380866e-01 7.435076410570963523e-02 3.788600540463257782e-01 4.697654978063288411e-02 1.409342881736860009e-01 3.831932869306252550e-03 4.808571423071674178e-01 4.389240171051077555e-01 2.412701499608155831e-01 3.559003401456436455e-01 2.803045159241800421e-01 3.200155010888935947e-01 2.475612114637723571e-01 1.512671362992889512e-01 3.413530793731117674e-01 1.356449019531371092e-01 2.001549517308224835e-01 3.115372981019100540e-01
1.296150036851483611e-01 1.390262233466990072e-01 2.030958821354830468e-01 3.788273458311570141e-01 9.865605364593751925e-02 2.932838785879248733e-01 3.525948093059763089e-01 1.841902375138273762e-01 1.828052160027888173e-01 2.453899784962285668e-01 4.746320735636070376e-01 2.545799709514653605e-02 1.493679280424368705e-01 1.815880640690082926e-01 4.162601965966364337e-01 2.978793634767222254e-01 7.009936516151203667e-02 2.675062120065040960e-01 1.463232503736072720e-01 1.943133820501794506e-01
2.673034164442464888e-01 4.796444163521292325e-01 3.481108237102334413e-01 5.326886959653006487e-02 1.488569174606479695e-01 8.833987068377983920e-02 8.765835816260789115e-02 1.076462638012299633e-01 9.160899807921289717e-02 2.382452131030701470e-01 3.499923389935715723e-01 3.399690755320952107e-01 4.737964019325511811e-01 3.049115461124060067e-01 7.593768369691560223e-03 4.723440506248325482e-02 8.098352523557143801e-02 4.451148560381331110e-01 3.234804096672368456e-01 4.074252076398895972e-01
3.457213291771935731e-02 4.926551432304277500e-01 1.394138785392180606e-02 1.084290187350919754e-01 3.303448050953846082e-01 3.237913104445772627e-01 1.644674827524172656e-01 4.636558392516025306e-01 2.318283358947481887e-01 4.886720498287303038e-02 4.842583845574621182e-01 3.942920669659922273e-01 4.768144500871303593e-01 4.937968893904658985e-01 1.826925834413253014e-01 9.854115057326010008e-02 3.717853410108576395e-02 3.137454019406896721e-01 2.659391799436555126e-01 9.112029362657583786e-02
4.054615256988436944e-01 4.642016049212321915e-01 2.584191288048500179e-01 2.337924062245388263e-02 4.043655536653092408e-01 -3.604976253341626510e-03 4.400650798633341521e-01 1.830270230915413687e-02 2.882874391543867043e-01 4.726496597209005057e-01 2.552900254111988287e-01 4.829521878565625204e-01 4.428879025228768529e-01 1.087147729859096607e-01 4.463223570609112234e-01 3.035058181171748082e-01 3.012620967328745736e-01 4.324778032808958006e-01 3.364756821367926864e-01 6.683786971127363141e-02
3.294875360243658124e-01 9.408550937973585160e-02 4.021958155216975306e-01 4.287681407613392892e-01 1.295415895157659980e-01 1.422393164254067977e-01 1.092548959392332097e-01 1.563561803611805689e-01 4.427242295383171933e-01 3.367568077346754785e-01 2.956749208896182757e-01 5.689207786613564161e-02 3.210063093141803936e-01 3.104586413177687354e-01 1.550553004122716683e-01 1.115938751705418674e-01 3.751674118782449829e-01 1.957318780742081377e-01 2.214415465249172654e-01 1.758579443776281948e-01
4.256129678443225095e-01 1.214365094373416193e-01 3.403117700490567166e-01 2.765453874829421066e-02 4.675534864918486910e-01 2.153279130151855014e-01 1.533412929889822474e-01 1.690935525559941754e-01 8.013285061648063590e-03 2.381029611877633345e-01 7.790217659111538240e-02 1.934606016901690706e-01 4.062552812315739503e-01 1.816803386584031899e-01 2.419380419587355835e-01 1.417132496034501365e-01 4.966490819384795918e-02 3.456651347658666884e-01 4.747214915937437718e-01 4.684866037764305324e-01
1.050660969031919356e-01 8.310171431758227312e-02 2.679106119774669614e-01 1.668584448977182833e-01 4.282822862156429045e-01 4.785678779553333151e-02 4.820164970848599406e-01 1.834479704195033922e-01 1.135645168590000698e-01 4.801428796384174524e-01 4.340071585044047997e-01 4.255328905971280662e-01 2.450200497332676378e-02 1.902303837546236165e-01 8.413516017927931412e-02 4.351698026965138966e-01 2.428404380205063939e-01 8.413979082488714026e-03 2.291079721586520290e-01 4.611645269196524843e-01
7.704410379365819218e-03 2.745027268498131945e-02 6.426912917580782092e-02 4.284148862798051183e-01 6.016306012415088139e-02 3.069226116839240404e-01 3.741554359324032464e-01 3.242343863041426411e-01 3.671999944499216850e-01 1.786821862016977902e-01 2.466972859856032263e-01 3.323543915990365138e-01 4.030546214281682804e-02 3.120268311977389963e-01 1.778152760241656916e-01 6.347914690572127594e-02 1.305241142878780791e-01 2.914479927075603882e-01 1.484936335729410140e-01 2.246914453593851779e-01
1.359795821351771627e-01 4.328482806997847876e-02 3.787308728595488727e-01 9.295357056873747303e-02 3.986939261853362226e-01 7.966685703376454042e-02 3.751970165009048119e-01 4.154964124441362650e-01 4.744734056760772090e-01 1.511126460855433951e-01 5.058283155632393724e-01 1.822956055943384113e-01 2.898497517975200943e-01 3.945114500718027717e-01 5.110471793297244325e-01 3.417614203330874845e-01 7.246931623113657406e-02 9.157619779359095491e-02 2.951868843019416766e-01 2.901370907405799726e-01
1.750425206063538353e-01 2.354982678852682032e-01 2.530038008749699863e-01 2.735139538624660749e-01 2.497805618306396525e-01 4.313385557560579509e-01 1.092263878389245213e-01 1.160589620150056650e-01 4.047559587078392584e-01 1.973698749336942615e-01 5.053262063052191277e-02 2.067802347597023638e-01 4.427277978515304357e-01 2.087494623529682902e-01 3.816783188147773176e-01 5.366076527467224938e-02 4.384237145035202454e-01 2.566092203445303754e-01 7.742914007055179404e-02 1.121421603113423732e-01
2.709930559453920321e-02 2.826703830121956029e-01 2.427207745596163257e-01 2.527800922369112802e-01 9.344609466952539384e-03 4.393278780863113520e-01 1.051457877116136475e-01 4.908815792338269701e-01 3.342644848045785433e-01 4.696448440998278184e-01 2.298562957708790155e-01 4.374062223375633218e-01 3.411461164584093098e-01 3.973404520644197579e-01 2.180219489282592682e-01 8.618303130198165518e-02 5.851527588970925620e-02 2.470211995260940263e-01 5.233300485523616902e-02 4.228035578234767833e-01
2.587150192911077951e-01 4.867525771177864669e-01 3.977170440958429087e-01 1.640318879177040112e-01 9.867145630116340438e-02 4.747895263706008451e-01 3.468175234864594447e-01 3.064605260702655820e-01 1.697411313246235676e-01 3.452737067338393362e-01 6.359450129800423013e-02 2.537843206305386290e-01 1.510667086317630248e-01 9.091559843761909399e-02 1.624690287186205118e-01 4.206157308747661139e-01 4.482271040327567152e-02 2.326556418116984271e-01 2.029090191846924796e-01 1.642073182205511933e-02
4.314844780819434011e-01 4.587233276255536230e-01 2.154671294704909867e-01 3.779029434593351167e-01 1.184943639407040096e-02 1.951184772806121570e-01 2.343478129609374294e-01 3.215086187783678384e-01 2.935590535435013693e-01 2.370587189639966064e-01 1.556330113862255948e-01 1.117850027847316352e-01 3.351502557983618846e-01 1.144580032243955325e-01 4.099587682803267907e-01 1.901811207250321822e-01 3.282710060136825869e-01 3.750220975855730887e-01 1.998873036169980175e-02 2.467835570299882764e-01
3.597263899259069836e-02 4.784688497225732529e-01 3.945487866264034416e-02 4.599378606886665444e-01 2.222999278017457336e-01 1.902290582896627169e-01 -2.130945017664107998e-03 1.670938539837102110e-01 7.110922462130093991e-02 3.645784739370939165e-01 -2.867462184964214827e-03 3.861724302580002988e-01 3.798444544516316745e-01 2.906320538259130615e-01 2.073355402966169936e-01 3.675499287041022467e-01 4.733776469975176093e-01 7.683102170190690694e-02 9.702008425444523521e-02 4.792485418971192956e-01
