0.000000000000000000e+00 0.000000000000000000e+00 0.000000000000000000e+00 0.000000000000000000e+00 0.000000000000000000e+00 0.000000000000000000e+00 0.000000000000000000e+00 0.000000000000000000e+00 0.000000000000000000e+00 0.000000000000000000e+00 0.000000000000000000e+00 0.000000000000000000e+00 0.000000000000000000e+00 0.000000000000000000e+00 0.000000000000000000e+00 0.000000000000000000e+00 0.000000000000000000e+00 0.000000000000000000e+00 0.000000000000000000e+00 0.000000000000000000e+00
2.731313913217150446e-01 3.687460007899017178e-01 3.791227081106219310e-01 2.834407977806112089e-01 1.280110290250553728e-01 3.224776107074632803e-01 1.395610983960963447e-01 3.059502322982217137e-01 4.891984603788015334e-02 5.065498733569852030e-01 4.886943427298754417e-01 4.800115853888404782e-01 5.930461053690206513e-02 3.057249884255168193e-01 3.491384377908909320e-01 1.041570436581045755e-01 1.847348119942163469e-01 1.752807096791324515e-01 1.614787206908719353e-01 3.964874406627581505e-01
3.553959082180396106e-02 2.448124123873354485e-01 4.938480747950533822e-01 3.662681327308939805e-01 1.558480335494145941e-01 2.981599389921105736e-01 3.378993301729823484e-01 4.200894276933233029e-01 1.114173043838411620e-01 4.233697541701200717e-01 4.860343288483963686e-01 4.562605592224920903e-01 3.812816641661797568e-01 8.367987215362256148e-02 1.463309703115769356e-01 3.645914120467358965e-01 4.254245838435566363e-01 3.935308331768683221e-01 1.110901726029690229e-01 3.876376707541271394e-01
4.455540807200601416e-01 1.761041331674054466e-01 2.900582351083844102e-01 3.225091667978583487e-01 4.477845074897865429e-01 3.811132029326475545e-01 3.125852363848774518e-02 2.081275802855920565e-01 1.580860911257111756e-01 2.938804956207881000e-02 1.180354998855269733e-01 5.141934014261991814e-01 2.014635969269145954e-01 4.487174338186976363e-02 6.239581003322807601e-02 4.035091403881100325e-01 2.288592006079747665e-01 1.637348646928111773e-01 2.809668961811086496e-01 1.992760698885066295e-01
2.090679667525002505e-01 3.986773347649720800e-01 3.817654958943667715e-02 3.620057916056259595e-01 2.591973380657038306e-01 2.711201371380118630e-01 4.512914495776466639e-01 2.712828705604765633e-01 2.393817671706152672e-01 1.128432430928986846e-01 4.221128435081420993e-01 2.408171159317720744e-01 9.211590466124308652e-02 4.167037762756193309e-01 1.736829051203518659e-01 1.971700798805460508e-01 1.681042288674473306e-01 2.135240159352877823e-02 2.445206581017352887e-01 1.410759455699769072e-01
4.568202457503164199e-02 1.566883492612315687e-01 3.269077899003444698e-01 4.538139880948361959e-01 4.313520838336447616e-01 3.974618363978166813e-01 4.651621476039264486e-02 3.543226551071399499e-01 1.484211722198047756e-01 3.928312685736213283e-01 1.991961828423414460e-01 4.869424349831710797e-01 8.634396673095103003e-02 5.107998915230439474e-01 4.282773512517316084e-01 7.803282227772777302e-02 7.699132903042280041e-02 3.277396557252443277e-01 4.719295727389072881e-01 2.516110498309248600e-01
4.234612096287770355e-01 2.978936161996915133e-01 2.566760392822136638e-01 3.136126465828886073e-02 4.529711961126638431e-01 2.628357509362133082e-01 2.069672433929553856e-01 1.299637568896896966e-01 1.999425858742542028e-01 4.075647896981497431e-01 1.239432386236627992e-01 4.310602659734833614e-02 2.422907340301051204e-01 3.325413333182252185e-01 3.195861951715981975e-01 4.394278188288316400e-01 4.407289235485330470e-01 2.859179517796305858e-01 -6.167376756144526354e-04 2.729472522576319449e-01
3.296716810101398831e-01 4.497823189497821006e-01 5.088738172554631012e-01 3.590936898074529871e-01 2.199218995452824899e-01 3.738197912906040532e-01 3.383890338007214948e-01 4.546092481217976489e-01 3.403644174033025882e-01 4.449447778528533570e-01 4.771700739897468541e-02 4.444456942843617586e-01 8.845949121909869872e-02 3.271162389264131165e-01 1.531726396047544958e-01 2.881765666209348473e-02 4.733238782058059035e-01 3.193486284160124700e-01 4.859126864794678646e-02 2.816791162594478592e-01
5.629908567049445728e-02 2.401617841511959062e-01 1.896757128239443535e-01 1.141189272481107075e-01 2.318659727900840295e-01 4.702119367418750029e-01 4.740649810945745668e-01 9.093008087203614809e-02 2.729244364256341870e-01 4.106579490068186788e-01 2.643168291206153819e-01 2.712143041112728969e-01 2.454064721206050334e-02 2.223315379137786041e-01 3.707039186748040116e-01 3.978031379955972446e-01 5.012218524656013308e-02 2.476427116972811093e-01 3.089028837787797244e-01 1.251289697043538596e-01
1.123907621531392287e-01 1.523801227763251810e-02 2.410002002314200753e-01 1.314590633513421647e-01 3.778960203127376682e-01 2.024490317333826617e-01 1.004880257874264382e-01 1.259516469476067158e-01 1.796684448527886835e-01 7.828842742512308328e-02 1.724299933370858628e-01 3.257849342033871665e-01 1.013182062839225461e-01 4.570962071268427906e-01 1.988929638416347401e-01 8.874622995509494350e-02 3.785012677930135738e-01 9.318852547161171618e-02 4.091431656277539908e-01 3.125757578314051210e-01
3.293845494102627669e-02 4.807951072046277863e-02 1.360389762150489568e-01 2.563914706913858477e-01 2.371932983836264053e-01 2.837775915636944757e-01 4.939386645091642380e-01 1.926465625249981217e-01 4.087914317168782619e-01 4.022183937352162841e-01 6.775662741998111915e-02 1.032113972687584563e-01 3.348268232443683545e-01 2.323795181692114020e-01 1.906095481237693179e-01 2.691669369292830072e-01 1.056340861685408916e-01 6.320571031724726840e-02 3.547591719575105551e-01 4.908778985646830573e-01
1.725136833088692645e-01 1.416322023608403424e-01 2.135548583876139550e-01 4.586009609553701738e-01 3.530747092219071459e-01 8.789906938295939665e-02 1.136635241858742207e-01 5.218220744850250725e-02 1.564005846878764872e-01 1.603416267807747375e-01 1.127388409872169817e-01 3.261647412238105059e-01 4.810746995858729558e-01 3.848660228898259095e-01 3.016069377910405858e-01 1.687453875221869293e-01 3.994834464090029624e-01 1.098655025075112729e-01 4.876244867117612292e-01 2.698990546780435373e-01
1.672377429115195768e-01 4.890289960205718711e-01 2.214081118744755938e-01 3.666228282817395878e-01 2.258036222896294132e-01 3.113327238042990497e-01 6.367507815007230655e-03 5.973267752690236687e-02 1.268807391915827837e-02 4.533530292516759763e-01 2.337814118990313716e-01 4.942898100745644063e-01 1.632687320261892727e-01 4.208228315915000239e-01 7.270623576230582363e-02 2.979658611215092456e-01 2.780386843417018139e-01 6.725064227278844398e-02 3.268092456339108387e-01 1.614269146899210694e-01
2.303917546384657289e-01 2.581461918930885724e-01 3.687381304032989471e-01 3.330965672050218984e-01 4.917584528235597330e-01 3.797306449640980852e-01 3.380367864811113510e-01 2.721856586305797521e-01 6.025126670466447558e-03 3.690624460583717403e-01 6.224755541515428897e-02 9.704696483227708004e-02 6.893548972795757179e-02 6.761203668114725007e-02 4.889163731809197389e-01 3.124442965478441830e-02 1.781391433620349574e-01 2.544706972916627175e-01 2.158443330578371511e-01 3.042719260888938626e-01
3.613382568877081535e-01 4.055960267126607621e-01 2.623241261646433106e-02 3.265757656854056390e-01 8.697516688883878688e-02 -4.724839538254661971e-03 7.189318599225054396e-02 4.083053642564465902e-01 7.518763805267354716e-02 1.520372092751307302e-01 3.212988339681648875e-01 5.013573303346992027e-01 4.787748426587796202e-01 4.048232670256647903e-01 1.556179831617056364e-01 2.203816316520492147e-01 3.894866636303598306e-01 2.894790026437864539e-01 1.236325377473630888e-01 1.621436425946686799e-01
1.232061464095719205e-01 4.174073270626469934e-01 4.484579336261771965e-01 5.260807116899189617e-02 2.143466814651682206e-01 1.436862032105203635e-01 1.364224285862331854e-01 3.465273920246286221e-01 2.149112766661038232e-01 3.817314447221505369e-01 3.172528044214488196e-01 4.790378266986993760e-01 8.013480717687770927e-02 1.053869442300086195e-01 3.036808808849806862e-01 3.258347261160981501e-01 2.358986635812908850e-01 2.903321504802977571e-01 1.228260877099133092e-01 8.354154782229611387e-02
-1.375682499892159818e-03 4.450403455532820352e-01 1.486788429258148747e-01 4.954030158676161338e-02 2.832354057988608620e-01 1.865113934012006536e-01 1.701925031046835901e-01 3.298907529965233731e-01 1.149947177577354263e-01 4.739767303854324210e-01 1.848071287582934152e-01 2.145062848673304767e-01 3.780306636278720211e-01 3.368986868908088184e-01 2.830926100948958357e-01 1.979530374053571282e-02 4.601053921423740589e-01 3.971079455162873639e-01 1.192302321045149612e-02 6.068321707069232462e-02
5.035173047727754536e-01 4.350630046291151798e-01 1.339172559004475904e-01 2.810549564120470856e-01 4.041195982070341919e-01 3.964644155815551518e-01 1.020482966341267617e-01 4.845585399070557325e-02 1.072077381729278356e-01 9.341182132308434305e-02 4.216723739948639166e-02 3.336652167348905240e-01 4.855161590020740658e-01 1.614483660139542087e-01 1.167889234788786201e-01 1.643433598286447861e-01 4.115543526983670569e-02 2.348330885190919037e-01 2.702930542247682921e-01 2.423374945140973624e-01
3.686670836445562482e-01 2.884646276100172879e-01 2.072894847259865170e-01 2.586841086396295952e-01 1.069843077499910422e-01 2.387800455774032743e-02 2.202611325924281882e-01 2.249886893365406204e-01 2.856584904613233555e-01 3.073148426191789351e-02 1.982084418695385930e-01 4.612148506169275741e-01 2.553319541212037413e-01 2.796494901445240600e-01 6.028945246950261072e-02 3.985202722745289639e-01 3.150594415392635878e-02 1.540226097369583880e-01 2.155554982956649906e-02 2.826883243628974807e-01
4.858308905086619056e-01 2.194619846711118039e-01 1.726343746052161898e-01 3.383185685156383515e-01 2.079936347069373803e-01 7.570155903850310508e-02 4.450060072093339203e-01 4.054627106517870172e-01 1.565460523978860485e-01 3.284989014254670048e-01 1.014010569276674323e-01 2.049285724746695847e-01 1.146562821068207866e-01 1.071763461599708200e-01 4.413725489482106523e-01 4.042198188868751929e-01 3.623313818398167796e-01 8.896730165436458893e-02 1.037462232739874285e-01 2.397583483417401740e-01
2.890349532491222687e-02 4.233494111350161182e-01 1.724296543351068189e-01 8.590424294953938333e-02 4.029863605662685755e-01 4.158107752453472084e-01 4.560965194691766200e-01 4.902643103793874468e-01 4.090927747299068495e-01 4.756842308846170181e-02 4.697411424165922056e-01 3.472942355045123275e-01 4.378581034701396479e-01 4.122243991918702610e-01 2.179093331229907671e-01 2.404838378212242611e-01 2.646611013074708363e-01 1.169681421668700289e-01 2.622490772187595007e-02 3.852519638462173490e-01
7.845431068042178768e-02 2.204570134738718101e-01 5.020893809395123863e-01 -1.882830952813560523e-03 4.439020178360407187e-01 3.800127896471652278e-01 3.802728605685734564e-01 5.173421897943459857e-01 4.344082329484056926e-01 2.839672498682407897e-02 1.387159557562819834e-01 3.334107620960619633e-01 3.394258894347857991e-01 2.816152137718817006e-01 1.347056691635387382e-01 4.853578529714437928e-01 2.368833911521852353e-01 2.807075100265964962e-01 2.556208624962729575e-02 2.860108064693753782e-01
3.672760401303845623e-01 2.214920168232478725e-01 4.067761279896260351e-01 3.075659080978973905e-02 1.063155869779694451e-01 2.493884829130930680e-01 3.659560557827728489e-01 3.883275443195317034e-01 3.822487905598225379e-04 1.950134306484143376e-01 4.990328514074008348e-01 2.884618212151096595e-01 2.558687484501790954e-01 4.774801460221482219e-01 1.822150190503465939e-01 1.248094004367678866e-01 2.512126510238471555e-01 5.110146858773335216e-02 4.788371678034875067e-01 1.450352274775113526e-01
4.366328190207932614e-01 1.686747481618354194e-01 3.732645934096482931e-01 -1.912876310851870055e-03 3.662835756162079459e-01 3.948249687094361748e-01 3.154789050046912235e-01 1.694261409360486859e-01 4.860916816995371481e-01 4.190221741306674602e-02 2.731747802621451449e-01 3.060460870983523485e-01 2.274558712665414317e-01 1.652232622019338681e-01 4.123246516183147747e-01 4.054237766555021660e-01 3.052939729462256779e-01 5.161601040871556245e-01 4.074741546873889009e-01 4.286051278962411670e-01
4.016524588684335928e-01 8.640011042033875210e-02 3.032978858176633707e-01 4.344723424854977645e-01 4.783994386503707674e-01 2.442546093021755738e-01 1.103367250735381305e-01 1.153428777082545209e-01 1.455615533928252270e-01 4.018217941508721580e-01 2.786244169736520893e-01 3.474034472076229507e-01 4.261660320260861057e-01 1.065036262264534416e-03 3.968289238497077487e-01 1.341622868840239569e-01 3.143838699414907012e-01 6.331417114300329219e-02 5.077425559273477385e-01 4.558420558168747583e-01
3.286138933917159277e-01 1.391260506353596826e-01 2.595004156221071279e-01 1.452894718933368245e-01 2.471110970031872855e-01 3.989928764750806933e-01 2.205938030452341686e-02 4.369179736487833754e-01 4.054249116649777940e-01 3.787608944930844213e-01 4.822033335174355506e-01 2.412942472284240192e-01 3.948387788132260434e-01 1.946762499371905708e-01 3.116131273978711147e-01 2.581678682849317119e-01 1.193569291631221552e-01 1.393774762820970958e-01 3.260780857621548706e-02 2.831211566469034602e-01
4.165196510689469361e-02 2.872019348274390538e-01 8.410292531158063134e-02 4.964842044614544148e-01 1.169377105825243450e-02 1.295559638180799888e-01 1.425725463674878679e-01 4.547680174938430464e-01 1.314269408103640180e-01 1.785563560115226156e-01 3.817585576007005987e-01 3.760594515781718883e-01 4.588936864445162245e-01 2.797120778651320805e-01 3.414656102025950823e-01 2.505681915366491652e-01 1.830276987351230622e-01 2.687862522174844782e-01 1.151661962485867607e-01 1.734607412185589781e-01
1.923134626842081529e-01 4.909944732527448119e-01 3.680290393884037004e-01 2.820271452839855364e-01 1.046458907856691878e-01 2.884152171079010785e-01 2.986199081322365445e-01 3.880881818039138009e-01 2.919981270472526980e-01 7.574377731743447972e-02 6.016568999190487904e-02 3.843331511306318782e-01 2.736974503503247780e-01 3.535162524949005958e-01 4.354970549015351744e-01 3.980228201155211476e-01 4.918364845153548326e-01 3.443164653223987348e-01 3.845290935706843216e-01 1.432593262559114233e-01
4.415167237761389862e-01 1.769686281949021389e-01 4.265672392373127259e-02 3.025815468835879041e-01 4.736942771397001928e-01 3.407817128914958915e-01 1.407912810910673940e-01 1.025347400275199994e-01 2.350372093329485823e-01 -1.423029721378988449e-02 3.192430010973657528e-01 1.445585756248524978e-01 1.579936268973223534e-01 5.940105894505294699e-03 4.443872743382427104e-01 3.638094843688513547e-01 4.632068664817783898e-01 5.329101364546081493e-02 1.876303018903307251e-01 4.393213526863674612e-01
3.643605308845565549e-02 3.234336957197272988e-01 2.221846337736523014e-01 1.133539925141878318e-01 1.931959952811816150e-01 2.860099393604144113e-01 3.434090836881378839e-01 8.659340618499090925e-02 4.943957659095252199e-01 5.254590942462337155e-01 2.720461877837179188e-01 4.290175242520617716e-02 3.672015368569896965e-01 2.817596424145453748e-01 4.736646770773149662e-01 3.869071809793264011e-02 6.557615681383485717e-02 4.103906900368436972e-01 8.180458940238742593e-02 6.358205165128243130e-02
2.196923647393657919e-01 1.441235726819981196e-02 3.445512723741916972e-01 1.631630584111806448e-01 3.479637107146508340e-02 1.304334562269708273e-02 1.783021822639418441e-01 4.169695271762433597e-01 1.330784175880674047e-01 1.085699935985341424e-01 3.766056984308502886e-01 2.535157605339576348e-01 3.640066132433008028e-01 2.136122529020801075e-01 4.174014316134000979e-01 1.307644358213978231e-01 3.790063089843247468e-01 3.880283433106903046e-01 3.753112104364860202e-01 4.735575292112140788e-01
9.204534400323442778e-02 5.066176280783938335e-01 3.236201677872657667e-01 2.315704822708093968e-01 4.442135924882091857e-01 3.407311132753958471e-01 4.178006230537387872e-02 1.899014147896172233e-01 9.572215118498599018e-02 2.318308023449665023e-01 4.853768437428883087e-01 4.421891208683878527e-01 8.649585369882108188e-02 3.573841496825609365e-01 2.521692891633594558e-01 4.027057354932261912e-01 2.471753088071846904e-01 3.004603612787385969e-01 4.847252485483636297e-01 1.325744838640865175e-01
3.297605051878973459e-01 1.502930784501062822e-01 8.939023154931290127e-02 4.991221011719393363e-01 2.136820400866338565e-01 3.681017756413818565e-01 4.348482530036992255e-01 3.319556327272361052e-01 6.911348110699062908e-02 1.653007538747383875e-01 2.470443693463769130e-01 1.506631812804870296e-01 5.690136117552348910e-02 3.138473090942532351e-01 2.190189239385634534e-01 3.863211235034325619e-01 9.905815814899046612e-02 2.169899790033905373e-01 4.741017938724587100e-01 2.708017581025119469e-01
6.297553250543859449e-02 2.951450626162764879e-01 1.679091324784527661e-01 1.560459798649788676e-01 2.041921050103477075e-01 1.653085117187853281e-01 4.879050236657851980e-01 1.603842638278689670e-01 7.643148539884216108e-03 4.356174910965117109e-01 2.216117772602132011e-02 1.582226014667103275e-01 2.888178618606661655e-02 3.680537333448671289e-01 8.859235325971150099e-02 3.570499490913831009e-01 3.204417725667079164e-01 2.567566815597326912e-01 2.036467958782529619e-01 5.771922510099116582e-02
3.480416785828702730e-01 4.469419924615590234e-01 4.779227747216954758e-01 1.578019450255029599e-01 2.909416500736033417e-01 2.014566150482826612e-01 1.457322544828796584e-01 1.160602096382310350e-01 4.270883132504464386e-01 1.590844090581660653e-01 2.900634346045447010e-01 7.700655159741708056e-02 9.588076942093551325e-02 2.799993780580407599e-01 3.530134386151051462e-02 4.242707339088204188e-01 4.349061392098252377e-01 1.251637689231963751e-02 2.574426003535829621e-01 4.813147704334526655e-01
2.045986324642649901e-01 4.971516731333903705e-01 5.035164263634559489e-01 3.376996636740890456e-01 3.633867439428257740e-01 2.432259503339043727e-01 2.276585475372319423e-01 4.417577480395604717e-01 2.672995946475638651e-01 3.467047977295228400e-01 3.867280918306280069e-01 2.296519964722767149e-01 3.733844625128198147e-01 5.007081273581461822e-01 7.965922579561247885e-02 1.021616266312649762e-01 2.639132129312928288e-01 8.296037368983157079e-02 2.792505713716836313e-01 1.827063174373540211e-01
4.121728442191806008e-01 4.466779188704059766e-01 1.510390659396626256e-01 2.348377812092027894e-01 2.139949101786671748e-01 4.746790790755827105e-01 3.344595956037568207e-01 2.688982074173419945e-01 3.222218124276007289e-01 1.677182484217025482e-02 1.685031674629256238e-01 2.520751374764410579e-01 6.965198720959968337e-02 4.414113341948828761e-01 4.184415227266242154e-01 1.178322364875556277e-01 4.279855746888017731e-01 2.240056349513654399e-01 1.920224529350918197e-01 3.163911856613746965e-01
4.064866599680402870e-01 1.883017171481835839e-01 6.440487643129204354e-02 2.228459030162491805e-01 4.941531728471628138e-01 1.230831079246299947e-01 4.396302012774949003e-03 1.065469441265678857e-01 2.733536813703275892e-02 2.141466997944859174e-01 3.959987835644999260e-02 2.773462009477582479e-01 5.871229333856792243e-02 4.585222074330034259e-01 4.961970037641852960e-01 2.085141116661117511e-01 1.634569764025201322e-01 2.474000109337475550e-01 4.303439088464100504e-01 1.760732941639036320e-01
3.658589270401192972e-01 1.248781321460003119e-01 4.710524041090424774e-01 2.912765313945101520e-01 2.749151337072726631e-01 3.240170347959882013e-01 3.414038219257426454e-01 1.925934867020057117e-01 2.038237029874916117e-01 2.176512878097547621e-01 1.413881779765147062e-01 2.553795587481495488e-01 3.665071512909285345e-01 1.842530963626992369e-01 3.115178513227867541e-01 1.741677941486488579e-01 1.659139290100146991e-01 6.003889399299561919e-02 3.840166213142288121e-01 4.210096768949697643e-01
2.605898645200084851e-01 4.309727536539773030e-02 2.666920080768047860e-02 4.754549238558942181e-01 1.514898009702963511e-01 7.679799446970657362e-02 4.119048642632379686e-01 2.358555763869711885e-01 2.526090317209861436e-01 6.733659337113638566e-02 4.728400225284451475e-01 1.179246317027931451e-01 3.543080645065107559e-01 4.161001033013329020e-01 6.747681534458482844e-02 1.110682340727961875e-01 1.567127789690794804e-02 3.645373585271042272e-01 3.519901797762209350e-01 1.338894929071148335e-02
-2.429937284409446150e-03 3.321361708519746658e-01 1.663447280108307780e-01 1.126493112627718618e-01 3.811194370562476230e-01 4.076742200444419817e-01 3.252838068624447909e-01 1.295174572717607275e-01 4.520881955765694848e-01 3.446754700015968176e-01 2.200679430299459435e-02 1.805197052192630824e-02 3.660190365413814595e-01 4.524905454899438850e-01 5.550640095715687200e-02 2.698385404660759712e-01 6.470524586496866071e-02 3.523459813935216067e-02 6.890205269959472079e-02 2.985821541130849466e-02
4.244525639266182315e-01 5.956008426815488643e-02 5.052141215242699213e-01 4.478329696862736742e-01 3.817282903731870625e-01 6.470983920732635564e-02 2.296458086769577189e-01 4.826247808811002793e-01 3.973964647691157204e-01 3.967624616933424497e-01 3.322778097727264179e-01 3.026704505161376124e-01 1.660159563251859260e-01 2.923174268518897168e-01 4.665175589934487110e-01 4.198655251419989853e-01 4.669167035001661747e-01 2.316364130387297826e-01 1.001771085688522717e-01 3.748839882612328700e-01
4.686739774486596288e-01 3.849195540594050335e-01 3.281268640556930238e-01 1.997147406758575244e-02 2.299479897751188495e-01 7.521617090816633266e-02 5.022352157258553884e-01 4.447130773910218382e-01 1.547194395618616825e-01 6.142102927320119976e-02 1.493254784794859902e-01 2.522659387850731405e-01 2.903857574158885124e-01 1.226249134313840833e-01 3.946766219076607296e-01 2.632095791208969859e-01 1.275888341030221862e-01 6.237834694614780018e-02 1.530566906319232867e-01 2.516446707903871038e-01
1.676867527527461932e-01 4.486847566974077051e-01 9.309481048130828496e-02 3.493649838405412100e-01 4.944307504119138663e-01 3.214876945200682012e-01 5.039351546671024806e-01 4.613649890049166258e-01 1.707639963137479455e-01 1.012812568621011822e-01 4.617862911604699860e-01 2.670929483393853499e-01 6.264626793587892151e-02 2.288534247380062114e-01 1.646455253789213813e-01 1.507198845081072491e-01 1.896220213227052809e-01 7.595779458459560318e-02 4.814967912437461139e-01 1.914831611852587934e-01
2.250050034301559129e-02 4.576740643179080803e-01 1.434821408774602236e-01 4.001803963679158027e-01 3.194686122125748318e-01 1.365122802679754332e-01 4.351049715755483938e-01 1.493844109289050592e-01 3.393664365140448003e-01 2.079326043798734869e-01 2.306072617380687251e-01 2.284644052829747363e-01 4.887312224339195321e-01 2.433021283481017760e-01 3.157398635604880544e-01 1.616338557795647113e-01 3.418066740628789568e-01 1.255867075966170254e-01 1.056489255779736736e-01 8.267798171456952616e-02
3.569416212680928679e-01 5.979957530315719444e-03 3.401869187178490628e-01 3.402089496536128688e-01 1.511695338808908828e-01 3.185814661284817606e-01 2.784363287209122295e-01 4.868205575921204509e-01 3.207592012274140258e-01 7.297484467182070722e-02 7.821833421385268603e-02 3.122468316795409260e-01 4.872296582280596366e-01 4.823653407986489006e-01 2.428910845308419331e-01 2.582542035413330495e-01 1.132422824910526843e-01 4.587985878867043704e-02 3.356010332329968926e-01 7.695647333355444542e-02
4.293226780266920506e-01 4.973288418590962046e-01 3.050154211537998705e-01 7.423469203434950037e-02 1.390173995413077346e-01 3.092497257697640056e-01 2.796944638734390476e-01 9.775348054120459873e-02 3.764362236078103163e-01 4.607999087186475662e-01 3.703729514555775815e-02 4.436336623006086333e-01 3.353915071909778223e-01 3.151146397653871167e-01 2.202722669857788418e-01 2.089574001017907301e-01 1.926384573550385948e-01 1.360227715440547325e-01 2.305160721674891777e-01 3.316013627161052968e-01
1.349606549655527898e-01 4.194244372911197227e-01 6.431518518084530789e-02 4.196277722472523397e-01 1.882103783819446402e-02 5.719176495325746859e-03 4.252414100933589181e-01 3.971034388398711479e-01 3.442123487247966684e-01 3.089328174322792941e-01 1.507311346390310114e-01 1.701197183480182840e-01 2.736559601416573839e-01 1.429052738492667396e-01 9.172646137090059715e-02 4.683351384010712160e-01 3.876102155332595833e-01 2.436539937286199831e-01 1.844161819210329289e-01 -7.344165859067871248e-03
1.408579443576497663e-02 2.741885175721858747e-01 3.785713776664577646e-01 2.148815160635435539e-01 1.121580324947669682e-01 3.488836296614489241e-01 7.530966443533361476e-02 4.722219050704277998e-02 4.997538840295787654e-01 5.074867995816424449e-01 3.262248091192877786e-02 3.635981052551418569e-01 5.493167110062375375e-02 7.622849534832148305e-03 3.593325692122643217e-02 4.309316782890111885e-01 2.240677208186626565e-02 3.133783456245429755e-01 8.102643220703351079e-02 4.969573912438610130e-01
3.296411278779576293e-01 1.824109672552529926e-01 2.920087470683633835e-01 6.726465990060500645e-03 4.498182732793055139e-01 4.364796171600682784e-01 1.258845053404118175e-01 3.360426157233119548e-01 2.341884834410095928e-01 3.090418160488815902e-01 2.830568607745840778e-02 4.845768207443275633e-01 1.791093240144465415e-01 4.180983594683951310e-01 5.873842767559947498e-02 3.963348836023069532e-01 2.811610419527800220e-01 8.158923463198299031e-02 3.067627086454550733e-01 4.677637998179839385e-01
4.947008459329842456e-01 7.612711302364153117e-03 4.862271344690016206e-01 1.706344550716945574e-01 3.683267946053023767e-01 2.413438323297839583e-01 4.563037417454411937e-01 8.909225395670666847e-02 2.797510503924255931e-01 4.165592554289282989e-01 2.343148999878687522e-01 1.127746780558098322e-01 3.798850679805100272e-01 1.494885269416367235e-01 1.777172860774036967e-01 4.979870606183704751e-02 2.353172751917789185e-01 3.746890642828363815e-01 4.336797038156466888e-01 3.563799134545317469e-03
3.591039744288483937e-01 2.485726917184261642e-01 3.172979708079091132e-01 4.619565054259947567e-01 4.360086102257100804e-01 1.470293780035143993e-01 3.265131411401082095e-01 2.167591121633782869e-02 4.132482057829559019e-01 1.881289858109646274e-01 1.971030388441559200e-01 3.228167258811451279e-01 5.217196792564496866e-01 4.970332223933383031e-01 3.032468854372251110e-01 4.571383133471892402e-01 3.336245696704107644e-01 1.894960838701503503e-01 7.033736239106542359e-03 1.644334286653466592e-01
4.974918982770230869e-02 8.288742101639591520e-02 3.470090565412637940e-01 4.981260129293367256e-01 4.784249289891276402e-01 2.049771683222137153e-01 5.016521812249348233e-01 4.493183020001550454e-01 5.145069470838166126e-01 6.209464142874643322e-02 3.443235463694849785e-01 2.488805144623285406e-02 1.955952193889322621e-01 8.033334721823126578e-02 4.512156998124133289e-01 2.881838754767823141e-01 4.764055193601010041e-01 4.169682127225455281e-01 4.079772317530124814e-01 4.639156323537803606e-01
3.498638428869419448e-01 2.915262249382822857e-01 2.357980469004581636e-01 1.342485650183935231e-01 2.824252663232059563e-02 3.827477055776715709e-01 4.268690637490304418e-01 1.137353301428489089e-01 5.022044077347506130e-01 2.957913279719415756e-01 1.294278964093762141e-01 2.655458387933493647e-01 4.121725860469472869e-01 1.316628861347758084e-01 1.900785669222640195e-01 2.373412711526841634e-01 4.417674360033748693e-01 2.339233846397375735e-02 3.875923860092004847e-01 3.755924886092238957e-01
1.115487897094120107e-01 4.362460129203259845e-02 3.880016273619341649e-01 1.896840220187367698e-01 3.018562748829552445e-01 9.721177513207510112e-02 2.102547083694552288e-01 2.122991859463588607e-02 3.044203203175857228e-02 3.757353298247092521e-01 4.104620745564347417e-01 4.123850889510800588e-01 3.116971217652085846e-01 2.016980298687358619e-01 1.090742226692894140e-01 4.298685924056399044e-01 7.844826533679170877e-02 2.404711731280990972e-01 4.744704059093726722e-01 4.892497876917729083e-01
7.592068687517367076e-02 2.986670310445521115e-01 3.363668680529853516e-02 3.892528913684736303e-01 4.954811602069073007e-01 1.197536356823040576e-01 4.460829464606361899e-02 2.478765206446452152e-01 4.882814071353298035e-01 1.459944348266081077e-02 4.787461660714911749e-01 3.255581081044877090e-01 3.148680582347995194e-01 3.092722895060634469e-02 1.180672072856355642e-01 3.375034736092667742e-02 1.555863179742839053e-01 6.031156171914643649e-02 2.380184607738777547e-01 2.204503411210690933e-01
3.372931365212344379e-01 3.981871867321744030e-01 2.141807418477949532e-01 2.929833197200329975e-01 4.172752362471184306e-01 4.630254950849709839e-01 4.721049056796691734e-01 3.928893210105476319e-01 2.654508646638511493e-01 4.510710578987138786e-01 9.350626383893745341e-02 4.771599852821649113e-01 5.136618570678305185e-01 2.751618818274061962e-01 3.241780816289289296e-02 3.281089812674104489e-01 3.442396598089749182e-01 6.875208772005289570e-02 3.283914376169864702e-01 7.763500638110124030e-02
1.481488115876191392e-01 2.965699614465971967e-01 3.323072990143122740e-01 1.628253429257021934e-01 2.201208936852073195e-01 4.840098137725706851e-01 1.035266696671226783e-01 1.121077546672779313e-01 1.568787884376281749e-01 2.015529578103008868e-01 3.265089687935933682e-01 4.273213078270968746e-01 2.768318905737625624e-01 2.670823214981909444e-01 2.520914065310915220e-01 2.018183463683547452e-01 9.514044282805918240e-02 1.390553839548470776e-02 3.732480443522119828e-01 3.379943312368933195e-01
4.912969590138235310e-01 5.015653634125735172e-01 6.598073620716418675e-02 3.411407702510594886e-01 2.480045730674011739e-01 3.836056055519636576e-01 2.183720752887392258e-01 9.262097095860272189e-02 2.654996102464954322e-01 5.098969893762798078e-01 8.707192021747069133e-02 4.222307694093103136e-01 9.108072677076607671e-02 5.453814217249561280e-02 7.530837677710608413e-02 -5.265215614485065435e-03 4.698336573633300588e-03 3.617926650309554182e-01 1.031110343020350262e-01 3.847487484180079909e-01
4.953858555497760441e-01 2.401391627445669530e-01 4.814331993898687823e-01 2.624346513900003286e-01 3.588028732847915458e-01 1.735572143492490615e-01 9.261021861118216847e-02 3.506482097960649247e-01 1.295611910949631407e-01 4.310145495161172291e-01 4.874077201599745779e-01 4.721681388810806124e-01 7.822682419428028666e-02 2.494440013593217931e-01 2.408617775451273035e-01 7.794572724296661148e-02 2.456761568114592398e-01 8.283924112868211453e-02 5.135493524247205510e-01 4.362106972080065370e-01
2.341279939116895914e-01 2.342073991391484256e-02 2.915008253533871163e-01 3.843205287406920578e-01 4.926916015676489069e-01 1.636917797064937341e-01 1.229415927464863750e-01 1.466289086683129350e-01 3.243306597364443156e-01 2.536007009431005543e-01 4.257066561012478045e-01 3.844616062768065889e-01 5.148144934338074602e-02 2.281682680211912506e-01 2.004380729462784949e-01 3.503432556782758167e-02 1.263375959364480827e-01 3.399250826093321853e-01 3.328240254869807568e-01 1.061014950079533226e-01
8.343972785639347522e-02 2.016529161771285772e-01 9.397420154583578655e-02 4.714875879325772234e-01 8.077681798495859461e-03 4.846014864633100272e-01 9.433647557788824023e-02 6.217028262368742841e-02 4.069044435287571537e-01 2.525562359095753218e-01 4.916850560959695748e-01 2.806421728458988185e-01 4.897069650283258357e-01 2.152705785823472995e-01 4.659150237075987411e-01 5.004648346946783538e-02 4.155997117988595724e-01 7.709248902814390403e-02 3.730738892481685887e-01 3.376395730423720765e-01
3.563256890523237574e-01 2.228037063906678772e-01 4.935426710572755060e-01 2.441759533783447178e-01 3.687633426830784211e-01 2.015140863599065024e-01 2.124866243330784110e-01 5.053888533337704825e-01 1.211465232435307848e-01 1.851131937129567862e-01 1.497698217093788864e-01 1.793764542077518898e-01 4.157869676287719307e-01 4.230167975484164788e-01 1.657932150153656747e-01 6.658784193778106986e-02 5.715787800162445975e-02 1.868943616883800840e-01 4.312660104077187806e-01 3.975277168979724496e-01
1.074884325015488529e-01 8.764219360853560403e-02 1.115343497594668970e-01 4.292364595289726026e-01 7.794223432021645318e-03 6.221031925997356181e-03 1.898793681476786399e-01 1.533889570905089539e-01 5.047560772270704987e-01 3.130688434135605464e-02 1.384494332138372363e-01 3.480818795888556139e-01 4.213184336180691991e-01 3.313433083429979109e-01 2.175720990791270570e-01 4.391779838248053847e-01 3.182362343812263350e-01 7.773771016486043239e-02 5.017793998767623720e-02 3.793444962042478164e-01
2.154542979687819326e-01 2.610913816583355085e-01 4.657673621414903931e-01 1.035901560913139452e-01 4.335660915710499719e-01 1.079517706773957808e-01 2.350648866514395974e-01 1.587798472782437909e-01 1.222399733524917043e-01 4.591142244063497468e-01 4.932859512141436475e-01 4.871432485085753772e-01 5.114929524894176738e-02 2.220228702099873164e-01 8.021872116145108145e-02 3.266389333305333431e-01 1.166203320610132432e-01 2.251330553663438427e-01 3.331704889001073089e-01 2.360138186057524901e-01
4.093116899141264753e-01 1.846593773709561126e-01 4.875616757021559722e-01 4.279138559686275212e-01 2.025002373413207213e-01 4.247536887934270089e-01 3.509311207608972194e-01 3.523096654357111834e-01 3.013794649675514692e-01 4.863475258112311961e-01 8.731570500939254964e-02 1.125017600833445319e-01 3.021989009714546870e-01 1.857479053623879994e-01 1.831445851446439343e-01 4.158979946585326659e-01 2.863544215920755254e-01 2.616957575923018267e-02 2.099890972086425889e-01 4.104734036093279359e-01
2.154162101963129905e-01 3.806170397281457007e-01 3.656138009595228944e-01 7.679026236993259646e-02 4.794327187382467215e-01 5.679720753832145225e-02 2.097998554037889263e-01 2.998862597510846828e-01 5.110166825869976170e-01 1.294230300460585403e-01 4.800637433338775933e-02 2.865072826452068622e-01 1.611121840109367431e-01 8.666628147834330720e-02 4.022044663524896313e-01 5.138534425177983256e-02 3.848703863719721840e-01 2.775096122325878545e-01 3.156994801680936824e-01 3.112834943211962857e-01
1.012478458001714460e-01 3.763427935905419575e-01 4.186709243588224716e-01 3.402693316314705507e-01 4.740824263692237084e-01 3.108808267491209865e-01 2.283182743616462285e-01 1.719433747871598472e-01 4.375331829404341955e-01 4.369330212772178784e-02 7.434964782678714357e-02 4.566695694413382134e-02 3.567914719562010339e-01 1.054787186475383276e-01 4.471865999146045212e-01 2.707591897768995559e-01 3.529907285769522396e-01 4.987386881018925910e-01 4.190674858075112419e-01 3.043579396494275335e-01
2.505593910427979937e-02 3.562274978659273061e-02 4.925160422727922760e-01 1.898736423852074584e-01 3.003904408281455884e-01 4.744481985509729216e-01 4.513976961875796889e-01 1.403662235892891852e-01 2.995852856373856787e-01 4.882860801990940858e-01 2.183238205960481015e-01 4.555115341648015570e-01 4.138194700561697026e-01 8.401820513943426827e-02 4.436272752718015133e-01 3.697957172347018234e-02 4.310996135552768727e-01 3.928019965917183831e-01 8.529801252258802091e-02 6.769931535822548696e-02
1.967325769757557463e-01 8.282750446861056326e-02 4.341402657000795196e-01 4.553166112145543565e-01 3.698341854367335757e-01 3.861920459282239260e-01 4.949572969331285655e-01 4.919136709855458922e-01 9.983059927073323347e-03 4.808156791597816282e-01 2.991286699621863998e-01 2.654543532997389321e-01 1.660013072229818143e-01 2.278456524222811086e-01 4.255311293050800248e-01 6.225487564781622546e-02 4.638456269855482095e-01 8.661367713190580575e-02 4.165171924320482666e-01 -4.697331282771888272e-03
4.960275326337095225e-01 1.079362245369556300e-01 1.718288775831299797e-01 4.641933487659428148e-01 4.159152762018155647e-01 -1.936557544786188592e-02 1.881765846577836410e-01 2.807926116379269033e-01 2.244506189457748380e-01 4.007726839226579685e-01 2.505544208902767411e-01 2.359129881206313215e-02 1.658540258881606166e-01 2.408541805809719105e-01 4.739062035252845084e-01 1.068611387869594503e-01 1.631458754416895973e-01 1.975910432748709533e-01 4.318095993782878339e-01 4.968273477641379499e-01
1.141841410531136691e-01 3.159593032756013997e-01 9.396861290477349915e-02 3.926552760038775070e-01 5.960458318518498111e-02 3.693315432302335388e-01 3.489111449306255830e-01 4.642951922960661948e-01 5.813744184799351372e-02 3.977243617491680872e-01 1.980428291868844837e-01 3.857261854289349978e-01 2.817676116860829416e-01 4.524074849127070475e-01 9.784458319311283014e-02 3.153132876887157487e-01 1.230536451758868360e-01 3.096369291951043268e-01 3.614932744130256448e-01 3.992789614805124510e-01
1.374422196208868463e-01 3.303548777718081642e-01 2.166623639816166735e-01 2.487425524296299206e-01 8.653999185272137629e-02 3.216192634453491350e-01 2.916914289968456919e-01 1.467281395962224955e-01 2.935674924645370054e-01 4.733250125534764208e-01 2.097427316709811751e-01 1.172003339438852237e-01 4.818802063209160491e-01 3.878891348225386726e-01 4.650990030505346151e-02 8.620214745994940475e-02 3.960402077218265759e-01 1.595026828712572120e-01 2.805803728696882882e-01 1.612885684582178458e-01
5.015062156880440991e-01 2.159338711416363132e-01 2.680625285543412062e-01 -1.247143280435427173e-02 4.581086886037357697e-01 1.087500280631778643e-01 2.371358567293805480e-02 2.829879890693142719e-01 1.679382090002473626e-02 1.884393995763150309e-01 1.522431117655714539e-01 3.374016395394631163e-01 2.582334034937313061e-01 2.837860205451975815e-01 2.094040184155922524e-01 1.170154385885867759e-01 4.809707153124787027e-02 3.695158999484501883e-01 4.422567129792124851e-01 4.461952486020013264e-01
4.924597670281851691e-01 1.378748953800317256e-01 4.617153622006221481e-01 -1.333442177823122854e-02 8.537209897540397330e-02 7.585715791843827827e-02 4.756576188244873160e-01 1.258293819068390107e-01 8.142346098438110052e-03 4.246349689631461199e-01 3.638495816202675925e-01 1.709088882490378269e-01 2.390870000398989115e-01 1.629080236758308209e-01 3.771443022461201111e-01 3.643408065740145751e-01 3.707538707821758095e-01 3.052892842043229971e-01 3.841131967616949194e-01 5.656749020349621793e-02
3.203058229134069235e-01 6.212462731646364866e-02 3.222014827658132852e-01 4.273780069840824036e-01 4.442912282938307755e-01 3.517559227745969408e-01 3.030054570063649422e-01 4.055553751281565367e-01 9.985411875017649597e-02 4.636280766787671537e-01 4.322866809186858283e-01 1.026547218547066292e-01 2.129610963660940048e-01 3.381989040281597192e-01 1.174985858852194143e-01 4.157440620955679678e-02 4.582570697090859180e-01 1.659515046663671833e-02 4.602396643053356384e-01 3.406613919318610129e-01
3.772298721117699483e-01 4.274361370461662313e-01 4.155891368073476588e-01 3.370568832939082049e-01 3.166938076438778338e-01 2.366874906795821409e-01 3.712071686898590350e-01 3.837981868420219378e-01 4.863909557336825729e-01 2.364156082283971338e-01 8.876945823751881959e-02 1.886527467578157646e-01 3.866043811475192715e-01 4.543625150777043376e-02 7.157708663466584575e-02 2.089231074730985294e-01 3.517870841973915197e-01 3.121331730744847377e-01 2.365900439755251328e-01 1.273575853956921689e-01
2.703900235699431831e-01 2.884000715817203742e-01 4.359336024187915881e-01 3.431953600397578130e-01 3.055178097252814751e-01 4.524592422219693710e-01 4.203877458899775710e-01 1.277689883530119253e-01 2.284623829267859174e-01 1.861990020780914801e-01 3.592576152179430271e-01 8.023915278245133398e-02 4.669099369047215453e-01 2.326803467666111458e-01 2.546503168011025608e-01 1.360914707562891658e-02 1.124104115551547989e-01 3.765572334392526810e-01 2.552708763162094829e-01 8.344391925127057907e-02
2.834544589409189186e-01 4.942531136751042165e-01 9.564463943796396028e-02 4.995751625743853341e-01 2.350932325423351621e-01 2.159051765156055347e-01 5.386001339252542014e-02 4.847865846255105526e-01 2.120891596915406019e-01 7.711185996828440192e-02 1.850825930930717067e-01 2.777791866298341406e-01 1.143495588838036731e-01 7.421379341285123943e-02 3.764241812239760288e-01 3.645270749091791274e-01 3.970337628971818411e-01 1.590272270026286683e-01 1.536078461776457793e-01 2.351213203458069334e-01
1.646824475775347796e-01 2.369489709411584100e-01 1.270227654703295905e-01 2.709218846111132173e-01 1.629173824061172227e-01 4.234554727321260259e-01 4.908391557705277242e-01 1.586798702401684691e-01 2.465895442510098734e-01 2.962075446665833334e-01 4.638361259690911842e-01 3.529107464394210525e-01 3.277067538495778698e-01 4.325927507428036778e-01 3.636064173176853376e-01 1.264176363005367343e-01 4.302198350997815668e-01 4.305336640668801507e-01 1.326944240277377896e-01 1.006847077354565134e-01
3.888728150222495183e-01 5.706311936745744884e-02 1.543816085305076413e-01 1.272274126764884883e-01 1.112966884017457109e-01 4.942542919967746196e-01 3.914329219229735757e-01 2.364501905022749761e-01 4.008707930483114690e-01 4.184283250358963868e-01 2.234482327000891222e-01 2.070600892000300786e-01 2.427305543862958714e-01 4.389547934569588139e-01 3.045212385272781930e-01 2.497047090233066313e-01 2.162274657020923641e-01 2.009409264245493598e-01 2.059519393348795968e-01 4.213870883298095338e-01
4.113581381728832476e-01 2.277654544489564059e-01 4.604781352415212026e-01 4.145077864410901536e-01 8.045034363416800338e-02 3.719401030484884574e-01 4.703148032774224774e-01 4.897401218066522732e-01 3.040352669491320770e-01 4.081412040420180354e-01 1.132933913353678934e-01 1.629002852305826976e-01 1.628516094318413765e-01 5.026899966991721369e-01 3.896460038698796868e-01 5.765341266864628528e-02 4.607253142456817219e-02 3.450113111867862958e-01 1.799940051065751778e-01 8.995420321180569445e-02
2.015422639552765793e-01 1.707964908176809182e-01 3.841304245345254498e-01 6.813547716237823570e-02 4.899359910991134964e-02 4.147136548494864128e-01 7.533248860137595204e-02 4.762213602264617762e-01 8.785321938416102219e-03 6.683737716197216128e-02 3.611348286034061772e-01 1.249953245165349586e-01 2.436719738839248917e-01 1.835476589886431698e-01 3.261292384478658990e-01 3.251158797959100011e-01 3.670066082525521578e-01 3.623228028901296360e-01 2.692726113719640102e-01 9.189007958710306359e-03
4.686138030975661173e-01 4.494030310832476949e-01 1.138223506955044206e-01 5.981561733099246408e-02 4.044164353413125419e-03 1.095325604164161387e-01 2.802881505641274251e-01 3.986234236916104123e-01 4.684047606091371746e-02 2.493936257476580820e-01 4.978079571360745081e-01 3.592451841466557938e-01 3.038187287093443434e-01 1.799906292811628561e-01 3.292549740664557634e-01 1.048251837238738104e-01 2.819945243575807670e-01 3.998038093672289794e-01 5.235077564242774928e-01 4.755881960797224695e-01
4.805279640705262256e-02 3.097237105026807158e-01 1.736170597414767591e-01 1.911401004911111312e-01 6.092387728835839400e-02 4.854919742207700617e-01 3.060870713126347398e-01 1.444836747888601780e-01 2.944190768863949037e-01 5.090600548974887340e-01 2.214671016303793316e-01 1.773859723756405216e-01 1.760333438971865005e-01 7.027652063129402431e-03 1.291218970151083723e-01 2.271256017741852540e-01 2.679967698120391817e-01 3.266290597294408959e-01 4.580923544152192828e-01 4.851168807881162670e-01
3.264827078517152925e-01 5.093253062724684144e-01 2.996293865439957904e-01 7.737119618947432831e-02 3.859947610072207991e-01 4.853199434521211081e-02 1.419627372306268009e-01 4.186193758875892193e-03 4.883969083967491520e-01 4.438289321525866749e-01 2.473298572758489133e-01 3.632796418989466813e-01 2.869529371590620048e-01 3.260214863492755244e-01 2.525495862096514554e-01 1.546438095750642394e-01 3.469904007265769974e-01 1.346627945697644602e-01 2.028223312035491444e-01 3.176257716207750437e-01
1.338144696799475064e-01 1.421166388497906441e-01 2.029517937671267147e-01 3.863271210760328978e-01 9.926773390370452477e-02 2.969353785425844494e-01 3.576332461094099968e-01 1.875334880256897818e-01 1.847376749307433896e-01 2.477234318954349979e-01 4.825597452586902758e-01 2.514604215761782544e-02 1.534564346554760095e-01 1.841961538463108006e-01 4.242370427873249916e-01 3.031243246391346902e-01 6.992406995826780380e-02 2.689689504651355811e-01 1.494450673549780340e-01 1.968786493143944993e-01
2.719369037460613314e-01 4.874595081691273091e-01 3.536442084897449822e-01 5.436302299255442450e-02 1.507083805086269768e-01 9.007551346610742637e-02 8.895357151797432527e-02 1.095868810104615454e-01 9.186662140621840167e-02 2.418173286460045257e-01 3.551173996844010361e-01 3.442692326662095681e-01 4.797134688787222934e-01 3.093579163592143355e-01 8.708920960934979361e-03 4.806369463344753457e-02 8.405412823666520705e-02 4.510576235345437612e-01 3.299742769158038325e-01 4.137314058658502214e-01
3.363539039383135754e-02 5.013280335503708107e-01 1.576743938529079694e-02 1.099933835672425586e-01 3.359612967259581473e-01 3.285044859153750108e-01 1.657236084615631988e-01 4.707364860141893814e-01 2.365055692424600509e-01 5.086519543661620346e-02 4.917429332608400649e-01 3.997959518185179029e-01 4.838713406122156502e-01 5.001563569177945867e-01 1.854485178861967343e-01 1.007543018214404479e-01 3.900438892269890434e-02 3.174926477603402519e-01 2.699518438561446243e-01 9.301657802014622056e-02
4.121534252204958060e-01 4.710531199846763606e-01 2.618146031776074634e-01 2.467101848172100279e-02 4.108185606213460295e-01 -3.821460758496103213e-03 4.469454008188740168e-01 1.910039166751340348e-02 2.924293771408449927e-01 4.799617115934812772e-01 2.613011722905378420e-01 4.932063693597023013e-01 4.496402420053448035e-01 1.108633771909224852e-01 4.542864827928306815e-01 3.087834361289730767e-01 3.070360382866518800e-01 4.385665745765680579e-01 3.433429023045510564e-01 6.756393120845224920e-02
3.376161699865888877e-01 9.440193836836767438e-02 4.108157194106827337e-01 4.363607827786636362e-01 1.327647303386276512e-01 1.412773717548299612e-01 1.109096450401541173e-01 1.578290236176321526e-01 4.504773588274697538e-01 3.402460503829451977e-01 3.007041186207149441e-01 5.780102181811598572e-02 3.269793484479716072e-01 3.168115464140968673e-01 1.564662769811736576e-01 1.131937997852178607e-01 3.818880525251300839e-01 1.994088263036238318e-01 2.279484467431339145e-01 1.795945617672791428e-01
4.326077761894749352e-01 1.268088564935309637e-01 3.465951976129964529e-01 2.821436531097827605e-02 4.746026499006297250e-01 2.174070177141095850e-01 1.544173575488155259e-01 1.721288280979381968e-01 6.473817266087270039e-03 2.427059457309824198e-01 7.986662233100288999e-02 1.992117302716670257e-01 4.138036788495464413e-01 1.850199783837755962e-01 2.460058027926545210e-01 1.454193305810022874e-01 5.002245491364842173e-02 3.511996279051819991e-01 4.857927005935433473e-01 4.752793208136932290e-01
1.062643820666876737e-01 8.457880346762047807e-02 2.718246390016801350e-01 1.681604065267567893e-01 4.345125038801369022e-01 4.938932630281447911e-02 4.902212083230210737e-01 1.846949045053983551e-01 1.162918290079968664e-01 4.886127599269243227e-01 4.409665970668408819e-01 4.307362142975904029e-01 2.523422947738548222e-02 1.931957783704760234e-01 8.594874616057340821e-02 4.435233292634102042e-01 2.476195195500700830e-01 9.154153546827989082e-03 2.320400563553079720e-01 4.684087267267946775e-01
8.392596108522125745e-03 2.843175542909190043e-02 6.546367376138012562e-02 4.346684861406548972e-01 6.156118277887935586e-02 3.142885685817570218e-01 3.782611512935202258e-01 3.294764658479440445e-01 3.726679359763525601e-01 1.823275062070611741e-01 2.526752710995621709e-01 3.381980066327613388e-01 4.066410610383329460e-02 3.160795592735208825e-01 1.809824749578879954e-01 6.483351918883822895e-02 1.346919851263418955e-01 2.954743885933147629e-01 1.523020615601209937e-01 2.286529068909755047e-01
1.378280567373117993e-01 4.304416884660527964e-02 3.835739185304525289e-01 9.651866410012521769e-02 4.028864058326548370e-01 8.217801331503543638e-02 3.809593331039695108e-01 4.236709315548169430e-01 4.831695422738158108e-01 1.545809524576372829e-01 5.137726650647009841e-01 1.884372891743815448e-01 2.931383994214041833e-01 3.992375971553203673e-01 5.199329924329464392e-01 3.464161176739505299e-01 7.466634444985487118e-02 9.188350305902215354e-02 2.986767823599525418e-01 2.915844925124789766e-01
1.782228819081458360e-01 2.381743578413113294e-01 2.587110621111122777e-01 2.784102131718112494e-01 2.526392001635626161e-01 4.416211808805630135e-01 1.138920314847131077e-01 1.190799799530589398e-01 4.096949733076773459e-01 2.011314547736443581e-01 5.124260963940564101e-02 2.121912123304257047e-01 4.512820520731793961e-01 2.131287401431735395e-01 3.881728077435453450e-01 5.455676115189853764e-02 4.457322585470155363e-01 2.611890052559244224e-01 7.857988401955140478e-02 1.144593830072970081e-01
2.855973801222890310e-02 2.881369614220712361e-01 2.464076987784903916e-01 2.575860392913348895e-01 8.735035582815147207e-03 4.444538997497984867e-01 1.086616253897990797e-01 4.981368237892704887e-01 3.396566405993020066e-01 4.787531388403430399e-01 2.337573011425868319e-01 4.455145696021642898e-01 3.460802925270584640e-01 4.041476687112751653e-01 2.229249687270553060e-01 8.915816675688220672e-02 5.858594791388671563e-02 2.513963035261020385e-01 5.477175195311217298e-02 4.305959644978157308e-01
2.643998872909191222e-01 4.953455455477587255e-01 4.050926870758206344e-01 1.652422626991258137e-01 9.880217855241719971e-02 4.834107326085816392e-01 3.509124863666173710e-01 3.123450770452347869e-01 1.743198289750677032e-01 3.504271410233251172e-01 6.359880149767101198e-02 2.589289545241299506e-01 1.541204014922805399e-01 9.225724917150983362e-02 1.650238428173983196e-01 4.284326722100922358e-01 4.582196563356020352e-02 2.358872175764522849e-01 2.066869380470245099e-01 1.617238075271908160e-02
4.383463584348988862e-01 4.666752227001416675e-01 2.195437428032717408e-01 3.851428489183573167e-01 1.162549686196053846e-02 1.991530013911536612e-01 2.400277691593835916e-01 3.271204389098570364e-01 3.007230927146377630e-01 2.389739393575516790e-01 1.563219729084925069e-01 1.137175243055119911e-01 3.417617395662843616e-01 1.161778554363791932e-01 4.183851648398332346e-01 1.931825121470025775e-01 3.360129371763264650e-01 3.808309375145700337e-01 1.999102873887302623e-02 2.510344009055214265e-01
3.350394976399937580e-02 4.874963159436284110e-01 3.924058321383924047e-02 4.670565122860075302e-01 2.273306535579131815e-01 1.928864003538673377e-01 -9.158095030444900284e-04 1.686309103373310192e-01 7.115043295266938739e-02 3.718304472528765059e-01 -2.444314307338860039e-03 3.922829606539095515e-01 3.855815253180722157e-01 2.958690861576278031e-01 2.091914404965156682e-01 3.743424545524697833e-01 4.796625394541602083e-01 7.601773368953550214e-02 9.609844410900088285e-02 4.899141393035382208e-01
