3.675710732039499384e-01 2.294292405638069243e-01 3.259140982093045591e-01 1.889508113863087035e-01 2.918941180795230350e-01 3.363682294810468876e-01 6.339648162854272240e-02 1.506225356989215891e-01 3.445652491671771234e-01 2.294972954821741795e-01 4.717833449953723890e-01 4.424029544039370654e-01 4.617675764748517264e-01 3.040459719992198440e-01 2.449540284911203569e-01 4.699950572660551718e-01 7.091758280227061784e-02 1.872260128013539249e-01 3.178452422842479308e-01 2.808995276435344302e-02
1.837299482410026386e-01 5.765979767303724968e-02 4.507942197419771979e-01 2.729204906021943655e-01 3.236088176568158170e-01 7.113089077782230873e-02 1.314017002631684972e-01 1.550150398495860338e-01 4.836216511826608722e-01 3.374006172632629252e-01 4.650227805569027151e-01 2.860409580875010738e-01 4.136350075373547153e-01 1.314212394222923352e-01 3.735112002113495921e-01 3.090390858914830452e-01 3.623614555751476507e-01 4.601063114271330967e-01 3.566676705181853202e-01 4.544662505203213021e-01
2.619191242768007521e-01 3.897788479800220474e-01 1.145811472815643772e-01 2.694433270572017536e-01 1.274091052622274289e-01 1.400732769755831386e-01 2.684727009018638699e-01 4.284193796946364485e-01 2.743968428784600566e-01 2.543671412891594374e-01 4.413850942668723354e-01 1.000318350715775351e-01 1.000855977543303466e-01 4.421203552665414205e-01 2.837054701513842536e-01 3.033165337001564876e-01 4.395215680778113976e-01 3.036804345683169482e-02 2.041955649978079990e-01 4.031045477223543783e-01
1.398931235907489024e-01 4.140157661156858016e-01 2.086212064891346807e-01 2.533526637363067158e-01 3.558687644066256262e-01 3.474425396743464067e-01 3.920765730604157118e-01 1.825801960550195724e-01 4.671727412396076140e-01 2.948770678972081893e-01 1.091594691441769571e-01 3.557020860835404807e-01 1.515498026865074732e-01 3.150250906062901923e-01 4.504600718262720127e-01 4.640126811609351365e-01 1.810842667749966717e-01 1.825251369169367810e-01 1.108091769569215512e-01 1.337884797730073405e-01
9.708343072176761623e-02 3.390308655403737048e-01 2.596628560018122145e-01 5.967594009100668506e-02 2.331037259820172292e-01 2.575241950506589328e-01 1.186631782439229177e-01 1.901734052597684466e-01 1.089798651930689588e-01 4.758981710903975593e-01 2.958907228853760452e-01 3.949102007623012667e-01 2.119015288390626583e-01 3.190555402831632414e-01 1.217864389173449191e-01 4.130410573056079726e-01 3.332004237124409074e-01 3.002437381313290965e-01 2.007329880901795316e-01 3.646507340186098123e-01
4.553004566053829305e-01 4.850248107729604463e-02 1.422391443314624526e-02 2.675757772523695288e-01 2.244525536978680957e-02 3.375674982504998090e-01 2.568133995569312766e-01 2.220429318779476580e-02 4.278606489791791923e-02 1.077195899338087015e-01 1.742408331322620185e-01 2.262850776304995981e-01 3.250207519079450491e-01 1.372016875855600615e-01 3.605023810710037968e-01 4.194552367938977344e-01 4.934914436569004526e-02 3.167832425435671007e-01 1.969760057541142806e-01 2.144457438419635209e-01
3.700797513163939234e-02 3.605750074817460349e-01 1.978178735901681695e-01 2.085058309156329059e-01 3.734577416469785915e-01 1.686976487568234151e-01 1.251288263166331349e-01 3.423656860610769792e-01 5.720840782710956418e-03 2.383888275328017170e-01 2.785533502540669670e-01 1.484530974328356900e-01 2.478201547091657408e-01 1.897143791535734203e-01 2.970300253263297163e-01 3.977940703136995659e-01 3.880320391832833282e-01 1.878276807526110814e-01 4.047281662768372756e-01 2.953938002670450369e-01
1.082072579321894934e-01 1.429398424593045225e-01 3.675435330404758227e-01 4.957943174653449137e-01 2.475055787676497254e-01 4.316598249447701763e-01 3.756320953724967548e-02 4.740276185271491416e-02 2.913500996736809734e-01 4.067977864995011572e-01 3.298318681182952905e-01 2.417049552515612154e-01 2.124264276120470529e-01 1.013543143687755110e-01 2.565601641486422446e-01 1.299753145871058169e-01 1.117911106938637711e-01 1.656661105545446655e-01 3.186892687683841596e-01 2.284626640242101714e-01
4.534159695205095542e-01 1.685274337168625181e-01 2.639073247845016290e-01 2.994835106093342025e-01 1.694228739385485460e-01 9.885700318033879830e-02 4.457861652515396345e-01 4.964256964349816892e-02 1.717996227519563712e-01 4.142253873558147115e-01 1.763916379246620036e-01 4.748829721118225100e-02 1.696261312058440218e-01 3.839141303637481628e-01 1.305023065537574967e-01 3.114134526631819333e-01 4.654055428479549339e-01 3.850972628794957497e-01 3.785748872376444307e-01 3.000684045346946882e-01
4.085956460385925526e-01 6.694363066753883373e-02 2.395108307038890105e-02 3.675359668640293953e-01 2.702478944307406539e-01 4.349552001266016599e-01 1.414222025261592797e-01 2.121247490637928612e-02 3.493538213753163424e-01 8.051818146961992051e-02 1.339188349863298932e-01 4.149479056127988730e-01 2.601893250148024084e-01 3.267747610841859052e-02 2.900651467809508000e-01 2.276717253278645048e-01 3.692801038311259165e-01 2.774768702245394847e-01 3.182812332854608739e-01 1.937945363219608086e-01
3.787324116383179451e-01 1.665445685240186102e-01 3.648543091483184564e-01 4.167398054836415344e-01 2.422441838104577028e-01 2.557841079375892668e-01 4.019576047524482387e-01 4.472942957701309119e-02 2.341285947612693485e-01 3.329281520704441277e-03 9.383207613411670422e-02 3.757907683678657351e-01 3.319272065182362064e-01 4.729725812261555973e-01 4.021757774300449007e-01 2.436982992799472392e-01 1.216129640883923946e-01 2.316404230124338159e-01 4.515955628420116330e-01 3.867503088951018131e-01
5.478924063834178515e-02 3.529454041084751914e-01 4.503706832334730126e-01 3.021493046638066837e-01 2.730462421780488480e-03 1.810053908131498135e-01 2.430451657211328831e-01 9.624713387628131001e-02 5.122897999086184484e-02 2.815975926806357776e-01 1.050650722850912655e-01 2.078137358894228681e-01 2.841312372360421112e-01 4.299507407672935599e-01 4.744076283435227359e-01 4.128804721812768808e-01 2.596096155241568448e-01 2.239424019469244409e-01 3.107887573077827703e-02 1.568576526053641618e-01
2.708181678326514463e-01 1.605826395535560058e-01 2.510190426361326721e-01 4.390414559129596217e-02 4.810240951980779833e-01 2.251665265102931190e-02 3.151957764713908539e-02 2.408788239458715674e-01 3.967369147360167436e-01 2.901916457995693532e-01 1.964756688442418908e-01 1.774592929615129711e-01 3.601120823580861163e-01 1.167434849105560835e-01 3.011431878304632326e-02 1.826148903999004758e-01 2.439677207217866295e-01 4.747596380465136101e-01 4.459658794074430332e-01 2.529142224594617683e-01
3.798008142204623017e-02 4.119454785168647493e-01 2.694657545990917780e-01 1.181450565020875088e-02 2.397376644897575293e-01 3.352627376060711151e-01 2.113422681753443499e-01 1.600179100709336888e-01 4.222556646507198419e-01 4.215296286705884077e-01 3.230376753405409529e-01 9.783134171727431161e-02 4.985524890001439835e-01 3.630294459582449895e-01 2.122658464196719441e-02 1.335275733455193459e-01 1.645709995165737793e-01 4.093778190016345020e-02 2.682725196040564031e-01 4.868802726461189390e-01
2.785184362879868369e-01 3.292204410626323741e-01 2.858084405296625330e-01 1.369594212220197060e-01 2.574441817005378441e-01 4.513643072308600179e-01 2.685330856828540558e-01 1.592684971550418216e-01 6.788705306489345448e-02 4.205529336658934692e-01 2.095888846555392093e-01 2.469116273176459875e-01 2.085413185816780146e-01 4.531879427988430575e-01 4.599419792086421044e-01 3.161195568277264112e-01 3.069752419841916824e-01 3.223736892876392646e-01 4.331923944858104836e-01 1.907896143414296586e-01
2.091639274041622309e-01 4.417312635801113330e-01 1.208397862788452848e-01 9.609451357800630200e-02 4.752684586194982352e-01 4.029680566182177737e-01 4.728088734015852279e-01 1.100774488168176912e-01 6.536466101218069147e-02 4.512351087903935798e-01 1.654643489096143671e-01 1.799773287538449784e-01 3.290129704102073838e-02 6.905992140561201253e-02 3.057496498850451605e-01 9.488481694150580070e-02 2.202192346468130890e-01 1.606185869018466050e-01 4.264844032762449277e-03 4.702621512676442017e-01
5.477595102340249156e-02 5.792344840911983761e-02 4.127215524866683083e-01 4.080336634755241110e-01 1.720689106450693506e-01 1.238451722303470781e-01 2.111918677602084293e-01 2.379860909610694852e-01 3.106025106241480649e-01 1.346463222034472440e-01 3.274233041802853683e-01 1.248953358654127377e-01 1.097156122167022296e-01 1.211248109089257396e-01 5.621520678786551262e-02 2.017453272965923361e-01 2.058657985870858131e-01 4.219233160213686218e-01 4.130797429515696839e-01 2.668451624958358970e-01
3.626356128944989710e-01 1.827604496915610222e-01 8.677983482578555119e-02 4.280749244939762166e-01 2.607865181432212909e-01 3.400862567650463908e-01 2.295290831419843358e-01 2.437686969103555756e-01 3.491939416841894905e-01 3.512957326910274847e-01 3.469223957352793875e-01 2.327662704278428141e-01 2.461200010951654082e-01 2.614478079465286098e-01 7.961292713227741125e-02 6.534180607073819536e-02 8.771536180930095128e-02 4.680221329744116421e-01 4.483450219753223887e-01 8.673823399606189755e-02
2.253262611234461699e-01 2.986874613820666990e-01 3.115525671265191865e-01 1.556318631947367082e-01 1.670622665139712137e-01 3.006491709057394490e-01 1.014251411999017582e-02 4.196968593877148379e-02 2.475597441117590725e-01 7.310994393126918345e-02 5.855496768533124952e-02 2.370084553466577093e-01 2.801438709967859486e-01 3.222282360827669612e-01 3.137065298224054333e-01 3.130548419735447174e-01 2.414887772881067485e-01 3.361762088151779571e-01 3.957328682249330876e-01 1.205943561127061359e-01
2.139442705448795223e-01 3.878278019976101332e-01 5.137618488969347696e-02 4.893050724337593693e-01 2.843212153148821364e-01 1.401983843124404161e-01 2.545899834742243462e-02 4.532609927832335628e-01 4.179672118751588950e-01 3.695172479531598220e-01 1.668857617942927640e-01 7.504934690883807713e-02 1.438960184575905910e-01 2.582289296983221183e-01 1.397161160097226129e-01 8.030100742065066077e-02 1.240816766044910424e-01 4.576079501388333748e-01 1.331741046903502923e-01 3.574263160153299812e-01
5.195938619209672371e-02 3.100791053785547646e-01 7.502618601704785783e-02 1.045288114473678642e-01 3.022119460692309079e-01 2.924637576329074395e-01 2.440732857409839140e-01 3.333389375541765398e-01 2.817836667818122698e-01 4.948638853916703662e-01 2.549846774603509170e-01 2.027476788039287436e-01 7.800938074451274629e-02 5.633030468051714035e-02 1.318458191224280984e-01 1.617824758365589699e-01 4.182970333360884196e-01 3.204815200172821399e-01 3.628899748554794136e-01 3.071808162554563459e-01
4.065091473434717106e-01 2.737053922203060430e-01 3.119770783071724729e-01 3.635897403885686718e-01 1.533637365207619618e-01 9.982628738506688082e-02 2.411346833935055223e-01 4.817684150885868655e-01 1.962434402206172379e-01 4.649300437029434407e-01 4.802580786582452133e-01 2.216519659003715059e-01 2.132969824226145228e-01 2.901563095907670475e-01 4.608959539774187264e-01 3.833583001551973957e-01 3.791197245027538298e-01 3.352465851535380570e-01 2.574590102059170493e-01 3.524940021846531546e-01
2.867208528128217249e-01 8.693080569093447618e-02 7.143040309425113810e-02 2.375123073558551567e-01 3.742914247838694530e-01 4.454018526244673537e-01 5.405121673993140696e-02 3.568451464758660707e-01 1.823802827841602969e-02 6.856103072404146070e-02 1.672873028790622385e-02 3.174703993111342992e-01 2.395988185570580575e-01 1.550702190083139698e-01 3.415332313146643983e-01 1.284155910668813849e-01 4.455253783095018960e-01 3.244121258647188477e-01 4.298040730189203185e-01 3.308589013931182432e-01
4.022067386576807513e-01 7.650850220235655419e-02 3.811320435289374808e-01 4.636523761674257171e-01 3.216797947041231120e-01 1.747883875336427306e-01 4.246299824307539494e-01 7.365693736142758796e-02 2.792436352214523465e-01 1.283103815636065237e-01 2.636202545200670988e-01 3.548276760088133752e-01 2.358142899396759029e-02 1.498278496669059323e-01 3.533927612868886792e-01 4.139813937326942694e-01 1.259030586576119215e-01 1.006966177287773601e-01 1.280603861155331646e-01 2.637971383739353137e-01
1.876192928766911572e-01 5.381728594997248205e-02 2.953013117645054142e-01 2.055007641609586377e-01 2.706797055263016061e-02 1.887045157251718286e-01 1.853477303918709129e-01 1.305483201333180188e-01 3.682181695461831383e-01 4.849424134004922671e-01 3.757638764291710842e-01 2.359133450590341075e-01 4.979551714544618868e-01 7.753684340838756794e-02 3.354457470704866884e-01 2.720781195835748068e-01 4.281937224152091992e-01 4.954283570418227534e-01 3.831302859862347199e-01 2.587296487600315165e-01
2.583482627671078169e-01 4.653754965721637049e-01 4.274430293740674736e-01 1.169659604725673541e-01 1.697344665718822365e-01 2.051866492421594579e-02 2.904199634498849658e-01 1.717663662384016909e-03 4.068697724982858199e-01 2.714730564956557290e-01 4.023868505591021716e-01 1.722924955307124639e-01 1.186565747472270727e-01 2.988262973706872772e-01 1.455754090034184212e-01 3.956095460649013407e-01 3.259362987013679214e-01 4.151591363644346888e-02 8.403407607557999981e-02 3.256598409188604659e-01
2.084381598599783225e-01 2.844579754296040486e-01 3.608908512358238174e-01 2.477217594039036741e-01 4.220674795172436045e-01 4.074763294974082517e-01 2.646300389163753208e-01 5.565400975254608529e-02 2.100398867175236606e-01 3.174911960644773989e-01 3.257826466812473454e-01 7.565478784040513549e-02 3.545614214336841874e-01 2.074971573885561749e-01 9.013796971399939961e-02 4.863598440119306088e-01 1.200463181235003063e-01 2.012579438043747837e-01 4.856735471598015996e-01 3.384979778050618004e-01
2.434736365110038991e-01 2.093536029343520122e-01 2.098850397161788339e-01 1.624870614203718922e-01 1.395599411178721772e-01 4.853816524660212739e-01 2.154012724957757308e-01 1.643757644914392579e-01 2.424792430289166023e-01 2.627873112211565054e-02 5.029571323392606486e-02 4.728151860688428743e-01 4.597154967048392438e-01 8.548310225054528422e-02 2.161181984787830523e-01 1.174029059103151029e-01 2.097544954426511232e-02 1.586820741475299390e-01 1.583488917246571592e-01 3.350449608282344283e-01
4.352510746427200039e-01 3.993695297194066463e-01 2.590445677321759899e-01 3.650949794039698437e-01 2.320838125223113058e-01 1.306017860995525859e-01 4.969567434608817558e-01 4.822492874493122805e-02 2.055820091666127336e-01 3.062237179145805288e-01 1.719065338237441565e-01 4.411847762171067222e-02 1.686321579225658063e-04 2.538292750251360252e-01 1.994742581510095536e-01 1.028858518836095470e-01 3.286831621346629762e-01 3.726254373763984162e-01 3.075784531695469060e-02 3.852559597162790728e-01
4.079336140909937125e-01 1.537054771091285188e-01 8.375739005656945846e-02 2.732740165346989603e-01 2.956055784744899273e-01 6.918008445651324667e-02 5.999507728301201048e-02 4.154249292876132649e-01 1.401485447633532555e-01 3.694534783539973888e-01 1.338897111445410126e-01 1.285900162532740976e-01 4.387576803679068549e-01 3.932173736389203977e-01 2.220091232331962150e-01 3.642727349411074567e-01 4.262557159374101845e-01 2.647524226764450539e-01 1.816359235933867611e-02 2.360476525614850218e-01
1.579577657686159209e-01 7.490271347996885209e-02 2.874455200375827801e-01 4.632664377828240032e-01 1.897135203255224667e-01 2.450055124122212935e-01 4.142430619190230479e-01 4.604850824600539849e-01 2.876682428620604415e-01 2.715968041112596931e-01 1.845461436380363418e-02 4.242869309751208240e-01 3.978002151022193011e-01 5.952965317992719996e-02 8.907891041787158182e-02 2.775104441829682744e-01 3.055192797438870955e-01 4.364621058353966299e-01 2.584276741680086031e-01 2.300746590161831251e-01
1.513583042028594505e-01 3.740107656659766300e-01 4.864912657009323738e-02 4.783086440426329022e-01 4.361934266712325647e-01 9.362579198796744384e-02 2.255222138422075528e-01 4.660499395472377238e-01 4.682101006258913012e-01 3.901272387167662448e-01 2.312034697232514535e-01 4.964368986154986674e-01 3.311877204088358173e-01 1.341936826681365824e-01 3.794766573237133844e-01 9.239938906323963419e-02 2.335556863754006951e-02 2.512033031673328032e-01 7.389131973927587360e-02 1.124389197278389263e-01
1.859192400585308325e-01 4.746045343208083467e-01 4.799186382671440931e-01 8.392742581240919542e-02 9.312993268097335964e-02 2.346119552186228252e-01 4.408003492248674937e-01 3.086945425554589728e-01 3.356727020159659403e-01 5.387726464664421844e-02 1.996657725838483777e-01 4.398144512594691635e-01 8.295116988954104320e-02 3.440948007643074291e-02 5.471125129471843263e-03 4.134814629079082149e-01 3.136073665289416668e-01 2.706057223887514684e-01 7.222983376014779910e-02 2.584352914410615321e-01
4.841043262512427225e-01 5.565438215362372709e-03 2.668583439873487562e-01 2.875708120883811447e-01 2.659888824313935141e-01 3.855359964045623200e-01 2.923986218625507782e-01 2.086893847675013181e-01 4.810975441309894851e-01 1.873271062032298429e-01 2.924929685781418875e-02 1.742169014005462424e-02 1.105139098073164017e-01 7.639262360455090217e-03 4.980391173603001542e-01 3.840016000284103836e-01 4.232588770927776523e-01 1.612135527118133127e-01 3.107412417305029373e-01 1.384137230142634678e-05
3.141090415898090682e-01 3.766108142974023965e-01 1.605288387901361302e-01 3.822623399394786126e-01 9.807831201675043520e-02 1.468785419420877147e-01 2.496449497148051089e-02 1.892775810362309907e-01 7.895396521910985621e-02 3.533302032340523424e-01 2.132107701684346490e-01 1.103216442309613021e-01 1.602479955295262326e-01 4.486535399767233034e-03 4.187378413428733959e-01 2.667671655798026786e-01 3.312237322673087236e-01 3.757822359535989976e-01 3.347731658003052502e-01 4.295703475573834917e-01
3.702431294764607639e-03 3.972365219760948252e-02 4.617495298929862879e-01 1.864614970531761062e-01 6.633201219199480470e-02 6.852943716960496756e-02 1.209159038391144358e-01 1.089401588180693992e-02 4.009063752420019000e-01 9.940239102779002689e-02 2.663790973288667208e-01 2.091007922466152635e-01 3.169053174486857194e-01 2.321688917252937023e-01 3.242181413957233027e-01 2.035000427234655573e-01 6.796969276187769804e-02 2.519237364471184626e-01 3.464244874692862242e-01 1.130550325869817962e-01
2.023872066698382821e-01 3.170629082077257022e-01 4.591627252659242209e-01 1.810254423296491222e-01 4.701959038047631156e-01 7.136780792476554725e-02 3.805434233093655250e-01 7.958576611262385692e-02 4.517027043807020914e-01 1.249898998904297454e-01 2.531682205122605112e-01 4.371840597825552566e-01 6.935872235315493350e-02 4.491420094597895485e-01 2.078003771288114421e-01 3.762640362242198888e-01 8.641412612383814196e-02 2.921642165933674429e-02 1.742210808645042186e-01 1.135694865704098833e-01
1.302978228598846711e-01 3.235217281846264892e-01 2.571142261749956304e-01 3.053981144326365360e-01 4.043803282093088591e-01 1.589743414819920764e-01 2.514811954606232525e-01 1.661631818972943431e-01 1.169106741562813134e-01 3.995121200676097217e-01 2.821651171573690831e-01 1.250567950016147623e-01 2.410816028154006974e-01 1.541106459685665508e-01 9.385430855791154769e-02 7.139935457935397967e-03 2.501459363274535774e-01 4.482725019697939017e-01 3.891234818073251445e-01 3.732644076178858739e-01
4.815754173972162100e-01 3.401135923910650893e-01 4.319994968216021025e-01 3.140904817547165440e-01 3.839031137340638278e-01 8.883800255739920937e-02 1.877941534169635385e-01 4.424685867696247499e-01 2.559234415665632700e-01 2.470119204356451825e-01 1.550426816288041909e-01 1.009778375503630476e-01 3.245853567230175263e-01 4.517695817170405137e-01 2.215881090165768286e-01 2.140780594046748364e-02 3.657928004176413950e-01 1.738872287817449513e-01 1.947243612962444859e-01 1.396033495381010514e-01
4.159879549350813388e-01 4.397982234976254845e-01 3.798123193163441824e-01 7.223222937093876084e-02 2.821673240160882390e-01 6.510135506849268339e-02 3.891291857292443201e-01 4.144268219169813805e-01 2.041651802744665622e-01 4.539049288335783028e-01 3.214251198533435994e-01 1.014628279306565295e-01 2.006719299767598663e-01 6.451774046558012010e-02 7.767228707296902623e-02 3.832282975005032455e-01 3.596804167752469805e-01 2.056212922964583689e-01 3.449247416293023671e-01 8.974632329377713047e-02
4.820082230489663999e-02 1.770654683564576448e-02 5.316760809963438916e-02 3.555996148565287451e-01 3.959657870773352628e-01 1.372410063667978686e-01 6.880016544612782559e-02 1.073700004143719466e-01 3.836526382686308301e-01 9.906911550775837627e-02 7.962973228216435606e-02 4.107375164174762450e-01 3.873527412124433966e-01 2.481052724406374033e-02 3.461556940049483333e-01 4.145820981002415473e-01 3.461499648521307870e-01 1.648558499569389157e-01 2.205434605564479678e-01 1.259965269873120075e-02
4.862501749591667255e-01 4.319606715733416147e-01 4.688215952909565720e-01 4.274094444130880355e-01 2.280891499386660803e-01 1.817855014308964456e-01 4.623232452511414903e-01 2.453369310641937417e-01 3.992972236678909992e-02 3.820979712217610347e-01 2.837979520669039468e-01 1.479493241564861505e-01 3.272464622676929391e-02 4.562346185325785730e-01 2.614238812479966478e-01 1.564322265936639034e-01 4.461413116462823458e-01 2.502853292242513961e-01 8.301545968421714106e-02 3.589356387808440574e-01
2.921403254210473421e-01 4.750232731645877560e-01 3.957431139760564931e-01 1.416412325348204715e-01 4.875678599746264275e-01 2.011731069621928714e-01 1.074982253879413485e-01 5.974171968693564594e-02 4.613547758296583923e-01 2.987589665637361280e-01 3.568194656713948865e-01 1.420585942830248638e-01 3.423226575668333882e-01 1.899486124966051626e-01 2.624448493005969163e-01 2.697302521061097358e-01 1.340318291969677666e-02 2.364210186643411205e-01 2.870762476293099441e-01 2.387541738220771426e-01
2.785324223048877279e-01 3.548334306932636184e-01 4.117958858588545157e-01 7.625125617863898198e-02 4.981448674546710143e-01 2.720479418140146488e-01 4.736925902585870096e-01 1.455114082253283758e-02 2.344907780011762921e-01 2.041897028690278226e-01 7.915010191543919715e-02 2.890341685905450930e-01 2.315480983456682518e-01 2.194923416837663011e-02 2.693890422731629042e-01 1.098785860943232717e-01 5.943425900043997068e-02 3.251130943178445754e-01 4.671812261415932976e-01 2.378908646130507010e-01
4.579417952935608271e-01 4.740224076416735266e-01 1.560403970799045803e-02 4.863591871582761961e-02 1.434221225132899513e-01 3.190017457537544510e-01 2.643458785149312984e-01 2.746406436983364618e-01 4.729528931227390820e-01 3.598173647108528495e-01 1.453742272286266957e-01 5.225147843977612228e-02 2.694971103610544483e-01 3.708423272665358761e-01 2.255228165276744190e-01 4.347965755419059275e-01 3.994086070169660663e-01 1.924537906608276838e-01 3.246321374197730369e-02 6.120440332549237361e-02
2.654693075280897818e-01 1.420140880548047546e-01 5.802834020582348096e-02 6.893459956798475563e-02 3.337030060785867169e-02 1.229937657574154963e-01 1.737801650142768439e-01 4.715735411768722241e-01 4.174838554131721224e-01 1.597984477722784735e-01 4.033913357428365876e-01 4.825229141039401037e-01 2.177585807566186915e-01 8.346928148316123952e-02 1.986597625694830338e-01 2.993085486850508015e-01 1.551041928440712869e-01 1.200603547247619529e-01 9.136586111959948964e-02 2.057451709580718768e-01
2.493138764570906329e-01 2.407091939857933793e-01 2.833491966020501018e-01 1.280893821203731298e-01 2.578005901901052610e-01 4.473233592030685934e-01 4.130012187595955009e-03 2.895047031123522130e-01 5.329346377736021712e-02 4.168081442299565453e-01 4.284956337349688504e-01 5.400258034546967512e-03 2.529785835987511389e-01 6.389285115143400473e-02 1.814412546748946919e-01 3.585205966709569814e-01 4.755847356680060201e-01 4.735932286148167303e-01 1.355048811125326713e-01 2.570324321007490531e-01
3.387203459125512905e-01 2.749167309329050291e-01 4.516133688721524764e-01 3.679024301599686519e-01 4.893326043230089573e-02 8.087724211943003727e-02 4.229420541226950880e-01 1.178821623786352468e-03 2.047849863109773572e-01 4.572975435954272361e-01 1.948761405984834605e-01 2.380859864725217157e-01 2.044820054464085435e-01 4.068207564621634797e-01 7.122349737037469986e-02 8.180844630474076729e-02 4.135122264652447699e-01 4.295566636107947533e-01 2.209338802445134919e-01 3.660555673442661417e-02
1.805060254824316646e-01 4.522799109883567925e-01 3.792596404011722155e-01 2.051960694080807168e-01 4.274289435889600530e-01 2.076595130361830188e-02 3.166010406730722093e-01 4.416345431096067586e-01 9.157338864338010476e-02 2.917442356394150949e-01 4.772788886122168450e-01 7.502152206824758141e-02 3.631473462719993495e-01 2.768941132085934176e-01 2.309788703693804734e-01 2.103584010272052662e-02 9.020565356000886936e-02 2.210149512345259692e-01 3.306472462787767852e-01 8.049469399608971676e-02
7.058642330668979392e-02 2.661982512954519375e-03 2.497632252752081117e-01 1.202963207218412656e-01 4.705552567936402975e-01 2.330698503552650069e-01 1.915272274486092829e-01 4.208170039150618269e-01 1.271401080963527885e-01 2.791291950949000844e-01 2.134329042897807338e-01 1.610508811377828753e-01 3.122589105743582283e-01 2.789936159453050846e-01 2.685806717399484289e-01 4.682119156940295346e-01 4.128337607566482936e-01 1.468948913914869259e-01 2.327284958469817977e-01 1.496117985449590404e-01
3.615955996504099379e-01 3.859501314195552535e-01 1.322392311236764706e-01 2.605430373009505196e-01 1.848505800263548493e-01 4.939816978567005967e-01 4.419075001805506386e-01 1.782442728611280391e-01 5.954390690172561840e-02 1.269170517950170551e-01 4.529420002384355048e-01 3.654809305498761818e-01 2.308057538207880510e-01 3.020776927310023230e-01 1.124004744071442352e-01 2.304283840488113855e-01 1.979368280509208322e-01 1.891905285775233314e-01 4.185131428774154783e-01 2.290827994853691929e-01
1.190186236111312468e-02 4.841423749510498364e-01 4.040059107098414870e-01 2.378995672069314504e-01 1.160305173064163364e-01 3.294948269398355056e-01 7.583826550638123054e-02 1.054088915563595741e-01 2.207100390110988686e-01 2.836850020660475757e-01 1.066940278400237974e-01 1.965605236992530869e-01 1.901172587930791691e-01 2.415146518219628002e-01 3.474996848200718191e-01 3.747631569196884227e-01 3.357151930297029852e-01 4.954765694532713427e-01 3.148108467044917758e-01 7.337286660308711683e-02
7.729839051628328850e-02 1.900146000253071787e-01 4.301504427418814114e-01 2.341145439476408074e-01 8.541433240712847930e-02 3.230262821137634965e-01 3.422699766138931898e-01 5.513618950883680814e-02 6.033098547284510005e-04 1.719577125774278681e-01 2.058394136149246934e-01 1.130809784198508194e-01 2.446567603524583134e-01 4.838542115064335958e-01 4.559034481963391006e-01 4.121787699686575435e-01 2.345732795413660310e-01 1.467466629411581791e-01 3.612625546800374288e-02 2.197968739519377546e-01
1.514491919986807322e-01 3.476351132598141103e-01 4.499607211992747158e-01 4.894541583384804384e-01 3.584713432119596144e-02 2.992198253976973144e-01 4.195993247282215899e-01 8.095408145642568609e-02 3.208206414814629426e-02 2.000433845027733137e-01 4.054947674955375891e-01 4.864585026851325766e-02 2.585071058946845635e-01 7.573643179064021291e-02 4.231385859427227447e-01 1.288680631654005038e-01 2.205164576267404919e-01 2.367399737833159601e-01 2.526944379067380120e-01 1.031436455412720887e-02
1.251502203540724723e-01 2.560461486946642995e-01 5.202587777030631688e-02 1.483066270103668982e-01 1.379941424868449396e-01 4.036377999395269200e-01 4.218481330659199502e-01 3.929107834651418552e-01 4.299874685917720596e-02 4.166421947869326514e-01 2.471786117151228424e-01 1.925427544631219123e-01 6.317956412810321609e-02 1.510180441210656199e-01 2.086985699652433857e-01 2.879976078053789745e-01 2.643482910194143165e-01 1.491371565064032456e-01 3.680160705497643736e-01 2.792587870270581973e-01
2.129504821840283446e-01 1.076068468423340141e-01 4.004419792102444364e-01 1.884865345677855797e-01 1.088635477779841820e-01 1.098397410943333097e-01 2.925143312478042934e-01 4.003232014673403505e-01 3.646824583915121987e-01 2.553045763311602712e-01 2.656320788403921940e-01 2.389737648345364174e-01 4.887421737793231080e-01 2.128018207238607795e-02 5.968455239677872282e-02 1.424460973577536538e-01 3.679835008281111541e-01 3.588993762383393404e-01 6.186004035342707041e-02 2.384504115901190935e-01
3.905309052544327919e-01 4.580585056878538897e-02 1.955928926092606046e-01 4.478711325774314966e-01 3.876898692692110626e-01 5.082642866311948282e-02 3.055955535293519709e-02 2.298193730840292215e-01 2.770573635711561233e-01 2.999603390821056759e-01 4.096745704525593945e-01 4.179653857916389437e-01 3.046060726345029557e-01 1.247233947058196124e-02 1.314744029870502096e-01 4.476702930045264872e-01 2.798596023694915336e-01 4.152480012586208247e-01 3.090661335560392353e-01 1.414631690136875508e-01
2.285691150101509805e-01 2.094136320779024230e-01 1.189172136260810420e-01 3.001870437884351928e-02 4.714692066455734576e-01 3.967118207332153146e-01 1.743347575353960677e-01 2.648424115646787480e-01 2.989803158403893102e-01 1.986120352189760241e-01 4.344460533557280013e-01 1.052821893684516286e-01 4.944367729463013950e-01 4.872363521683058529e-01 2.635070902369087142e-01 7.475683313660186347e-02 4.076166474181942556e-01 1.941395399865347704e-01 7.566891770475531187e-02 4.904865945475512246e-01
1.823566128214892945e-01 2.743789028935975649e-01 1.260035887668416454e-01 1.161063050860275392e-01 3.569584220504247174e-01 1.517313509776948566e-01 1.199327241167892910e-01 3.074254900469137186e-01 4.075513623848780465e-01 1.744799790857372579e-01 2.684840833466885512e-01 2.571388227294753026e-01 3.381464415572741355e-01 3.273625068897981216e-01 2.140745234131009589e-01 3.040314912315910667e-01 4.940254001981944088e-01 1.983797740642219698e-01 4.800333293870800988e-02 3.853103677825453488e-01
1.880017428407274593e-01 1.799692587027341140e-01 2.274139340281885469e-01 9.390592850178514084e-02 2.177549667218936502e-02 4.360605551408023306e-01 3.303009416500179984e-02 1.905401148879821149e-01 4.820574030998439619e-01 1.147815389880976200e-01 1.837015210250270147e-02 4.050646171319572941e-01 1.083357643112627389e-01 3.459206751813606595e-01 7.483893543384578795e-03 2.742126606262344501e-01 1.550523290045527913e-01 4.994328526232726384e-01 4.026319737262232246e-01 1.694816206330249098e-01
3.851201047365391816e-01 4.490886661569853944e-01 3.975620651586140863e-01 2.453920650374866730e-01 3.448311528339069176e-01 1.534895323924759802e-01 4.070684124529461712e-01 3.395423713207371130e-01 4.897168310945126946e-02 4.159182184876515920e-01 1.926366369622708463e-01 3.801306202681969393e-01 9.268109563232329595e-02 3.186109907257945184e-01 1.161649680602178103e-02 2.169894008603603375e-01 7.198418247833915373e-02 4.399851650425080085e-01 1.998135414509629171e-01 3.256123871076160858e-01
4.443834443060464823e-01 1.733680951779081325e-01 1.378880095120646465e-01 1.918924078201391659e-01 7.191775308065329053e-02 2.712271204515098733e-01 3.645689065935851514e-01 2.159681959194104661e-01 4.557216687670178068e-01 3.596917474811980320e-01 9.303227886891257681e-02 6.084009190339545459e-02 2.003818364855189937e-01 9.330032705608171106e-03 4.523696440385079898e-01 2.973418200366162445e-02 3.815346925651085241e-01 2.481409403341222064e-01 4.846645561121890045e-01 9.577329690076807900e-02
4.578763008916392763e-01 3.415837958201036195e-01 8.924630050481563437e-02 1.332595940824713998e-01 2.830063684248164679e-01 5.410209079071975902e-02 7.022633851356213652e-02 4.893533767949561630e-01 2.032072963506761920e-01 3.073844224139986592e-01 4.333459026967620975e-01 4.202356942087681069e-01 1.247545209371591635e-01 7.066437374758299805e-02 4.957347935261658955e-01 8.503665091091644479e-02 3.441310227892907525e-02 4.068339036897142269e-01 4.275018158859577588e-01 1.812024684278479847e-01
5.475556611794829553e-02 1.745763102146947743e-01 1.060746288244131530e-01 4.824096404355549539e-01 1.641768981345679279e-01 5.381302246896124686e-02 6.706358359573061367e-03 2.962317547837853837e-01 2.730190088004905147e-01 9.783282858309255703e-02 1.629952907868334466e-01 1.185924034515728476e-03 4.237290983930086519e-01 3.141916755422156649e-01 2.386437213256993317e-01 8.059231868726607351e-02 6.489661730880780244e-03 1.315615625213290563e-01 4.365577790593601626e-01 2.485606023869241232e-02
1.717680636941237848e-02 1.764224169956354893e-01 3.380221419028742735e-01 1.054312019618651730e-01 4.588619381971714706e-02 1.530819545323165443e-01 1.456982759719453457e-01 3.260915968850374158e-01 5.721071869328708814e-02 2.362364766494998713e-01 2.331020761670127284e-02 4.599261521745348635e-01 1.296723240494926932e-01 1.211791366169763795e-01 3.857782041358805425e-01 1.380769074078673775e-01 2.360160079107496700e-01 9.180319717390084122e-04 3.177761428011728340e-01 1.540811554335166367e-01
8.559837836056977123e-02 1.191744842340944355e-01 2.891776662653500196e-02 3.478034220421823419e-01 1.575812045251012705e-01 8.241805595416745733e-02 7.527766394711865594e-02 5.141960398686307165e-03 1.052090235405324092e-01 3.134374328553555245e-01 1.392519197889885429e-02 1.898828588508290616e-01 1.353058048527479018e-01 4.839117085354598946e-01 4.357638684262737927e-02 4.598622197089877739e-01 1.264382763876744087e-01 1.645399263022170322e-01 1.576638926993019774e-01 1.354259350718212129e-02
1.537630232568554245e-01 2.172893461777781754e-01 3.298955109970331812e-01 2.764829756370382197e-01 4.780463990243880024e-01 4.714357854008583981e-01 3.884579107230735628e-01 4.555186678673335265e-01 1.040968815715257456e-01 5.169466073676920459e-02 9.118796562612607737e-03 2.774402859494942142e-01 1.101686490657580730e-01 3.017048133127460119e-01 1.352506419408049387e-01 4.723865064480249343e-01 1.382626536127292693e-01 4.306414015798437633e-01 2.027861421543277198e-01 4.549034259055234619e-01
1.068737020303422436e-01 2.512755144843915600e-01 2.928201259225026720e-01 8.924823654128394290e-02 2.415218569443745578e-01 4.579329047159635402e-01 2.717177458327575401e-01 2.440941428068484353e-01 4.974761258420888344e-01 4.545843446050201742e-01 8.846407604821571180e-02 4.864709784644168367e-01 1.417281754390090076e-01 2.385982177935048187e-01 1.401675035512846001e-01 3.759220257650016661e-01 3.347874480007447251e-01 3.616172842656444897e-01 1.261984749096412561e-01 1.579335183258959163e-01
2.554624254289956098e-01 2.233140301722860710e-01 3.464849104660984724e-01 2.828720015415865374e-01 4.228163210028734742e-02 4.473623224329379422e-01 9.084736075939336963e-02 4.039556141491073005e-01 2.920870849417206983e-01 3.500031179682794313e-01 4.238069329341706548e-01 3.382113243749902409e-01 3.562595686528348127e-01 1.302554463694579057e-01 2.984308537519547722e-02 4.931707652782953977e-01 2.771031399525146766e-01 2.546429718445754609e-01 3.705795146599423218e-01 2.068002440039505285e-01
3.162912781581436739e-01 7.429959828748911033e-02 2.646215290636044770e-02 6.075308207906282565e-02 1.564009405787318840e-01 1.727226158213200913e-01 3.431518267022933277e-01 3.967198017951241718e-01 4.043038279292417436e-01 1.708670895300265502e-01 3.226717196108521701e-01 4.928974950673047917e-01 1.501325355254499172e-01 3.206962357232890359e-01 1.495984133780183800e-01 4.361108285174986054e-02 1.617697972357028946e-01 1.352091219552040147e-01 4.073129969875028400e-01 3.016476259216189226e-01
4.607904573496719447e-01 2.216633526783530761e-01 4.813446220482364701e-01 1.213020235560280935e-01 3.661705034894531807e-01 4.406626975399718926e-02 6.704124741450856462e-02 2.731322154396202406e-01 2.559069934034876592e-01 1.208493361355010842e-01 4.191638126223461991e-01 3.477307347970358120e-01 1.706598849978101518e-01 4.348973222606662414e-01 2.049087707306278539e-01 2.752696951533420422e-01 4.131813364143140932e-01 3.641479147121859383e-01 3.401393473602086215e-01 7.768273739128045419e-02
2.475385710653525972e-01 1.587816740588425812e-01 3.041865960958956006e-03 6.853091059401072993e-02 4.887411525290183412e-01 2.463787084166905172e-01 9.157182016762849264e-02 1.396652324737912565e-02 3.737424185810384047e-01 6.920233008080645121e-03 3.680967373965303158e-01 2.029542692425779782e-01 2.492827720931103941e-01 5.039756187461108539e-02 1.385100508580784928e-01 4.654578598766445641e-01 4.776884725388149122e-01 3.982441289872894474e-01 4.446134945786878734e-01 6.629233120131139412e-02
4.296349795303913699e-01 8.707651182987791172e-02 4.446548628972245010e-01 2.696771337152226722e-01 1.220198600821236767e-01 1.332931079546557651e-01 2.517591319526363280e-02 2.698907947480775893e-01 3.601316131925883512e-01 1.626788116222971370e-01 4.261968705390661305e-01 3.127146803329670655e-01 1.732558012709869977e-01 1.497181546222093873e-01 4.687102026493440432e-01 3.875240955580320779e-01 4.151016922637376649e-01 4.949761920162961681e-01 4.159143899522662058e-01 3.621157091830473629e-02
3.767378171067268799e-01 4.900942499428417864e-02 2.951041960947223819e-01 4.385331467342756806e-02 4.552912677169514977e-01 4.053499925017957639e-01 2.556578259436226297e-01 7.859022839789575610e-02 3.147948251511467066e-01 2.396236442824188906e-01 6.855801882010981174e-02 6.996697440146232294e-02 4.957371570473416145e-01 8.830724186976612877e-03 6.482966176209187248e-02 3.266797669745010735e-01 3.757537435771256540e-01 1.430202263244080285e-01 1.678257865086225653e-01 2.872151182521198720e-01
2.056412313004810088e-01 4.366615389585608575e-01 7.773827932963744969e-02 7.461082439045507719e-02 8.960184295758111261e-02 1.721883835768435178e-01 2.157423930174068860e-01 4.588751053005320490e-01 4.661186273906070543e-01 1.341808850184909030e-01 3.029447746549535081e-02 4.420396778771625290e-01 1.798424598326007207e-01 4.719079797611075433e-01 4.705253201538377450e-01 4.838960550141402917e-01 4.716234681923817673e-01 1.628135558045393227e-01 1.967784853186230754e-01 3.823874500403186549e-01
3.305829339206389772e-02 2.772532728354725751e-01 3.574479111277036325e-01 2.060245149260183095e-01 2.244377521929589170e-01 3.430393762831797644e-01 1.590329730042941980e-01 2.504497108889595092e-01 9.011742237157882585e-02 3.673281772841139881e-01 9.789577064008420093e-02 4.102347795248001416e-02 3.196968803235377132e-01 3.747529662956825547e-01 2.039450557784835416e-01 4.787037979007982558e-01 3.721030926736731970e-01 4.379940515285856706e-01 3.255299777692253760e-01 7.350901453445302103e-03
3.602929277806026231e-01 1.253516500557559921e-01 3.224669332584159664e-01 1.472120900520120235e-01 9.993294034393473968e-03 2.272896708613377781e-01 3.309978633700299544e-01 2.538602151754459912e-02 4.477092406062721519e-02 2.390852862928689593e-01 5.238150637538757648e-02 2.776491081399401484e-02 3.663547753744556545e-01 1.692964704292426181e-01 2.432834602254728140e-01 2.650444644651755999e-02 4.797900972037654754e-01 3.003787929560968184e-01 4.791266933251855376e-01 1.306170278312975275e-01
4.334517488503755178e-01 3.983115111713544376e-01 4.338857000202219205e-01 1.459436240940990004e-01 5.435964907580836947e-02 2.564867778780698937e-01 9.482944666576881287e-02 3.198299050271207200e-01 4.928345654547506838e-01 1.311463546535651670e-02 2.853242791582010773e-01 4.205131650852245162e-02 4.366662589836960429e-01 1.223532467336591045e-02 3.725054615034559258e-01 3.554750326534523164e-01 8.549517234602727056e-02 2.802348283821664565e-01 3.208839075892577219e-01 3.353451005764402915e-01
3.515449980573930322e-01 1.700888949463831290e-01 3.953099334246743535e-01 1.835599298736212415e-02 1.456647336947655691e-01 4.092903905093618899e-01 1.999555147641594588e-01 4.946612768953073114e-01 2.781379739138941654e-01 4.493139241720887078e-01 7.446698432750176178e-02 8.641223926235575004e-02 4.296919545159161857e-01 1.606318451268502479e-01 4.410459082731207903e-01 1.286256493422057168e-01 1.657776672766528292e-01 2.440391596257191487e-01 4.984963985569268452e-02 1.481912305116299677e-01
3.960805467923665946e-01 4.668655099367765016e-01 2.991402037289866978e-01 2.814854357777744065e-01 8.609437393563523777e-02 4.971765699952200301e-01 1.692708200453870160e-01 1.728223001622480326e-01 4.413920733886112502e-01 3.250984928365071580e-01 8.201662604042714300e-02 4.403432928615571562e-01 3.527897951342739979e-01 2.972777533959752305e-01 3.103353828504987755e-01 1.576538132951932347e-01 8.426662455608729951e-02 1.492554671328212845e-01 1.726109616894772048e-01 3.411481341536090617e-01
1.074697904974913909e-02 2.214602570474724086e-01 2.994882937435796033e-01 4.574458801513037742e-01 3.666387351650673976e-02 5.526253769524325232e-02 4.819380784851637345e-01 2.081728595847694985e-01 1.736295705441202042e-01 6.894772492926382057e-02 3.092780795742230415e-01 2.749046791078566532e-01 3.820797835695088907e-01 4.152013183590865797e-01 2.826619767839111397e-02 4.629455405446332716e-01 4.765441398513857729e-01 4.045841802320565561e-01 4.990964761862948240e-01 2.091908965735414516e-01
3.633816801764298554e-01 2.858093544160944521e-01 3.752228441453523966e-01 2.190588746822048072e-01 1.736292673515306695e-01 4.047823701576923061e-01 1.547132572189640620e-01 3.830281145999953063e-01 2.227423125186900332e-01 2.724529502740478670e-01 4.185546301537895197e-01 1.801604119673532178e-01 4.894369022817536830e-01 1.498785891830867190e-02 4.934672562622203218e-01 1.169677054625495316e-02 2.995481672615823432e-01 5.631950415775066610e-02 1.056272910920223462e-01 3.256088298461825570e-01
1.156716796308298600e-01 4.483961211760820187e-01 2.361129460024266047e-01 4.501533273558466774e-02 4.622663707203912842e-01 1.337759186050435645e-02 3.800649198899851977e-01 4.725519965903080544e-01 1.988575861958303825e-01 8.012493360189371083e-02 8.291552238190103008e-02 3.105445540413248606e-02 1.061841663706239447e-01 1.205896483570971789e-01 7.567540123259552942e-02 1.982028820361758648e-01 3.083593600185406403e-01 3.219368377569059025e-01 1.557745183932480737e-01 1.921789828013921175e-01
1.650553368212716587e-01 2.180246315113559818e-02 2.880649394151014731e-01 2.399281979947640031e-01 1.493431014820539859e-01 2.076853921419707372e-01 3.901642405472786068e-01 3.645937142295388456e-01 3.808041117019799748e-01 3.773632060839200997e-01 3.910594627900671472e-01 4.100326099012352454e-01 3.360471909763316223e-01 3.630186559096016397e-01 3.812012514532486795e-02 2.980919863477100584e-01 1.162438215603810998e-01 6.875079161825881080e-02 2.080161406886972264e-01 2.508636679260660141e-01
2.391036322726858288e-01 4.581512998078292043e-01 1.767683663670770455e-01 2.222288388811897164e-01 3.676016126931805350e-01 4.932896363255640515e-01 4.528316407483198858e-01 4.102666537240020062e-01 9.939847322247397088e-02 2.523410905350989553e-01 1.311097386040183665e-01 3.417869311935772259e-01 1.754694011244521401e-01 4.819719629623153145e-01 9.546608568600384315e-02 1.572907640351812186e-01 2.801551758812026449e-02 2.623776295394483205e-01 3.549320732400320089e-01 3.923964809645826279e-01
1.797627081294077556e-01 4.018965602867438092e-01 4.879887605317311250e-01 2.839849201620376906e-01 2.741490166623033464e-01 1.403984548903594587e-01 2.940034955809794348e-01 1.909111129333100343e-01 1.270530205240358868e-01 4.766476417962819401e-01 6.539976565859345614e-02 1.711149220246805380e-01 4.534394008930295872e-01 3.022702230585954108e-01 4.048693500953903235e-01 2.658159708650649211e-01 3.113397012832705979e-01 2.734021175047160468e-01 3.862249375050214595e-01 3.927003157422083723e-01
2.390817327708857909e-01 2.049500096625970769e-01 4.047080292229740528e-01 2.174486244298348137e-01 8.173006085738260262e-02 3.896974526470390887e-01 4.503371535936935843e-01 1.462759735366715441e-01 1.453779835417226551e-01 6.331504884693850421e-02 2.123684102508098803e-01 6.442659246039816878e-04 1.032065532015861709e-01 5.292810213264287356e-02 1.988174310936305922e-01 1.156753796531892475e-01 2.841845448552384745e-01 7.685907506454331406e-02 3.944193372928775365e-01 3.636303714962227374e-01
4.799669462101870954e-01 3.165208359151261419e-02 1.350923262738868424e-01 2.206124578318148233e-01 1.682803949115963538e-01 3.668149930520236968e-01 4.531388291240300292e-01 9.376131931397307939e-02 4.417211288449012230e-01 2.048617947424455354e-01 3.408920043301617575e-01 1.440930968805674284e-01 2.565203655143910577e-02 2.113152850497964086e-01 2.889246004874709839e-01 1.224687490413016167e-01 4.294520211569657908e-01 2.161945462413668029e-01 1.861011633544162880e-01 7.106605733661286450e-02
4.188021886913788072e-01 5.029336807302231538e-02 3.048278342442667932e-01 2.223449055754656012e-01 4.933732195089857164e-01 6.504668432911453468e-02 4.106790826598932798e-02 1.466812420220603430e-02 1.974002652497325316e-01 4.428051705798496385e-01 2.753078742501957055e-01 4.931343969596996279e-01 1.401463332707181264e-01 1.459434060485018669e-01 4.009002312281788605e-01 4.807049269607923114e-01 1.325710376554595227e-02 2.463643025308303036e-01 8.817834846921551728e-02 8.634576123650372637e-02
3.076728129959962477e-01 4.267788488444638206e-01 2.206341891369609787e-01 3.723471983704413901e-01 2.037665194775657440e-01 4.943339728165450087e-01 2.119707239649242236e-01 2.104290348187057291e-01 1.785069382124643278e-01 3.840458819988201711e-02 6.267587033228583238e-02 1.140078315714166401e-01 3.148061656601746638e-01 1.899129186152093141e-02 1.349958240143467325e-01 3.278976799529818020e-01 1.071763679039005046e-01 4.060974044045594367e-01 2.709396295703703217e-01 4.281098360995215790e-01
4.972951313113309624e-01 2.335247290591975222e-01 2.516831521052357856e-01 1.696735837871897745e-01 4.072928528880040422e-01 2.026411740432589870e-01 4.282710196511339551e-01 3.212096994589020982e-01 4.198008787911787221e-01 4.354244655508242023e-01 1.629580556534545033e-01 4.612078856744576960e-01 1.869059038952903262e-01 4.618275448642812919e-01 3.658823578304607471e-01 1.985681929348915298e-01 3.751010073307227688e-01 1.430273771300393237e-01 1.646758203632635587e-01 2.605304996853963773e-01
2.418011073094418761e-01 3.059632530139749784e-02 2.635606745087258340e-01 1.557995459820639694e-01 1.118106961045984282e-01 2.003738208469678095e-01 3.863442892605903345e-01 2.370689092836733569e-01 4.185549942181852057e-01 4.675012298800447219e-01 3.136847160812585300e-01 1.604823917869729888e-01 3.650469751155803189e-01 1.274386391708217658e-01 2.859675609713288047e-01 2.140621640906428258e-01 2.481574777969064449e-01 4.102025422882511485e-01 1.444696816992654398e-01 2.761864662839230711e-03
3.465213535279069168e-01 4.794855564564559636e-01 8.655713367218625942e-02 3.364109705349306312e-01 1.090901605387492035e-01 3.818323150028403723e-01 3.037455095742832012e-01 3.482551545726967346e-01 5.283459206465296321e-02 1.446644399540657489e-01 3.229872657031905847e-01 3.230778931242345164e-02 1.450557478716178461e-01 4.006598435753237486e-01 2.323014159932996203e-01 3.856303774539793228e-02 9.479480793709471609e-02 1.652343755120991298e-01 4.332716688386068493e-01 4.385417680880580038e-01
6.444927724133492353e-02 1.019146888103430459e-01 1.365706926023328438e-01 1.921041852198016597e-01 4.550919391176976303e-01 1.102541981754887046e-01 4.606582879697762589e-02 1.353476027220829048e-01 4.161735039015836413e-01 2.389308345626808272e-01 4.830733945939936214e-01 2.762551208957969018e-01 2.513911869309767844e-01 1.071380564413783043e-01 3.878617667497311072e-01 3.306917976569095918e-01 6.840804375231268608e-03 4.260917785213783060e-01 3.749188859724944534e-01 1.644571672765144932e-01
4.332991824100190792e-01 3.701304711980339945e-01 1.702990469276879359e-01 2.025642566602312566e-01 4.183932091592539870e-01 3.474224970449425465e-01 1.739024993313903478e-02 3.541463925729809725e-02 2.412462527393995360e-01 1.414739514982851221e-01 1.115676870525368347e-01 3.187089598733006124e-01 3.148519585648725805e-01 3.515913206248489908e-01 7.770401193681109042e-03 4.910114380210962026e-01 3.762866479108128992e-02 2.378000960578806611e-01 4.297265241320704643e-01 2.129373707316830622e-01
4.643426795865358003e-01 2.347533061090317230e-01 3.046182602431519726e-01 3.254298656572347515e-01 2.934265198077751213e-02 2.482363808939283545e-01 2.029997272824646815e-01 6.810602908396745647e-02 1.730922621136452566e-01 1.671969427197262936e-01 3.138565878194048975e-01 1.932247996802338164e-01 4.383817560500223309e-01 3.168203296721516238e-01 7.611916085968783996e-02 3.479384477684620558e-01 2.992715467574845190e-01 2.092843576113462278e-02 3.425177030415118562e-01 2.737032248210817809e-01
3.078597353312869100e-01 3.014049600838170084e-02 1.579613146219840947e-01 1.656985161130814510e-01 4.500583998994544532e-01 3.802699461639968970e-01 1.033924543342137348e-01 6.390784770385116165e-02 1.485650267339991282e-01 1.179325670307413421e-01 4.974522895483885487e-01 3.456610800508043702e-01 3.738842367475070927e-01 1.077214672922418015e-01 2.297364359203227235e-01 2.253867377184644583e-01 4.482380002480512715e-01 1.743465366092666891e-02 4.671590450249796245e-02 1.613101734808303767e-01
1.035039551200573338e-01 8.135014633615467172e-02 1.062354139561514921e-01 8.496932392021033786e-02 6.994618748277059428e-03 2.745880178896216162e-01 1.883001456705173382e-01 1.874821978726944893e-01 2.364685159866423692e-01 4.255048810578579976e-01 3.083659974675417303e-01 3.829419348821884728e-01 1.860210029726014902e-01 3.057329684575199047e-01 1.569200531836178469e-01 4.628205627074652995e-01 1.319544669011972760e-01 5.467940853473535201e-02 2.414480374025512188e-01 2.656918538898985771e-01
2.902000940590515610e-02 2.056299327000644106e-01 2.984177959215852383e-01 2.968021439977238662e-01 4.317332055058814011e-01 1.335584906595829735e-01 1.911706776691533549e-01 2.699416224904495620e-01 1.869750970400345103e-01 2.285553931358957902e-02 1.653190437454682971e-01 3.391928826843915168e-02 4.318267986685127013e-01 1.927221121606346177e-01 2.865478967361179685e-01 4.010637608305113178e-01 4.425140920180764548e-02 4.622058206974696826e-01 7.469492073487798978e-02 1.045914875327982330e-01
1.342673554955507997e-01 2.807082538521341042e-01 1.475977159603231170e-02 1.681875008250102721e-01 4.292468415714766339e-01 4.269166470158419768e-01 1.361076025380818511e-01 2.552265860959698207e-01 4.566769574060849379e-01 1.489975329928674985e-01 8.282446374393881428e-02 4.932917785245992115e-01 2.153524288649916185e-02 4.797494755312573522e-01 2.904546436514348628e-01 1.202424949057756542e-02 1.841681184572303009e-01 1.687369050745343158e-01 4.381400311124512004e-01 1.007050496259689343e-01
