0.000000000000000000e+00 0.000000000000000000e+00 0.000000000000000000e+00 0.000000000000000000e+00 0.000000000000000000e+00 0.000000000000000000e+00 0.000000000000000000e+00 0.000000000000000000e+00 0.000000000000000000e+00 0.000000000000000000e+00 0.000000000000000000e+00 0.000000000000000000e+00 0.000000000000000000e+00 0.000000000000000000e+00 0.000000000000000000e+00 0.000000000000000000e+00 0.000000000000000000e+00 0.000000000000000000e+00 0.000000000000000000e+00 0.000000000000000000e+00
1.971679650311808918e-01 5.790763018209252322e-02 4.506534706594811368e-01 2.771228527099050543e-01 3.189645020364765826e-01 7.170451399117724889e-02 1.267688500725134559e-01 1.701993215704981910e-01 4.904585781628687524e-01 3.383255243762602338e-01 4.877230641388117238e-01 2.872925785966523593e-01 4.198733019880170891e-01 1.424633325626484537e-01 3.694740114030296008e-01 3.043244249581906757e-01 3.449409209416917643e-01 4.611415978037793906e-01 3.458363954631583082e-01 4.497330781009005185e-01
2.722389900398353713e-01 3.984285162644214950e-01 1.043654784709906885e-01 2.759717418652094523e-01 1.492963135009422182e-01 1.249711455075240563e-01 2.735145256372098488e-01 4.135619402699255431e-01 2.752143418585843992e-01 2.407905869050991077e-01 4.453672215523440392e-01 9.043512949112599009e-02 1.099820240988064052e-01 4.344019025627497421e-01 2.759136364696103683e-01 3.187843341294981370e-01 4.397649638540455097e-01 2.838648955432537813e-02 2.080516300410147623e-01 4.050828390902203036e-01
1.434302533366074162e-01 4.242831841669825743e-01 2.221222720646166549e-01 2.601328689535148952e-01 3.540798285315290284e-01 3.411481395870633593e-01 3.804526420281637011e-01 1.935966912547471275e-01 4.813027894705873000e-01 2.819677104300615800e-01 1.120915672504758376e-01 3.619439559144616014e-01 1.424506936416445047e-01 3.075292349464973651e-01 4.457168977902156715e-01 4.512392962306667199e-01 1.800819393060373863e-01 1.599083113908800480e-01 1.291262790484891954e-01 1.584531368092398917e-01
9.194361588538406405e-02 3.413493854276576367e-01 2.599050614444571305e-01 7.194771347435423292e-02 2.093796672617787846e-01 2.470239008946555070e-01 1.260107758436272984e-01 1.729401458593444740e-01 1.104756907780551911e-01 4.777265856965359769e-01 2.968956953890256600e-01 4.140004463237131338e-01 2.126377760105598036e-01 3.333992790402095507e-01 1.088005315734428546e-01 4.093036958326340957e-01 3.570162493537245574e-01 2.906261155396553941e-01 2.011508602909803656e-01 3.660693587766321033e-01
4.472763982306713348e-01 4.561915697753250731e-02 3.026171542046176763e-02 2.691769577815738002e-01 3.327913113127618089e-02 3.161758020748969833e-01 2.610490037500902138e-01 2.715134765838496736e-02 4.290356395530828953e-02 1.172998404382346316e-01 1.662273442920797206e-01 2.331548345569941505e-01 3.289748403602348881e-01 1.351421652170969046e-01 3.463771586847042561e-01 4.205529503579306105e-01 4.845258556560928104e-02 3.100479633524305667e-01 2.042373976213746611e-01 2.132309732935985525e-01
3.021714273067345469e-02 3.692933602833508577e-01 2.128815564106700808e-01 2.017207341555216915e-01 4.005309094982675289e-01 1.787958747511838309e-01 1.284927632634198236e-01 3.426503880254614387e-01 6.384524674221022690e-03 2.262524918377772642e-01 2.585237424242557980e-01 1.392046627622125776e-01 2.369864556446906745e-01 1.916750235173113048e-01 2.868529197897873306e-01 4.039685962977745404e-01 3.934393373443201281e-01 1.868963790078063125e-01 3.982946196050939358e-01 2.954617582698773615e-01
1.056572848492378508e-01 1.423319028628276528e-01 3.725410447191286889e-01 4.779336217528249442e-01 2.490018558493101719e-01 4.235541659067157960e-01 3.083752537721016346e-02 4.395633551365354941e-02 2.995366510307266861e-01 4.056636247103236892e-01 3.384459676959547525e-01 2.389787961039088471e-01 2.185025344931502134e-01 1.063986239164735753e-01 2.691191642131127715e-01 1.342788177104219938e-01 1.039594652086295035e-01 1.610520189738956776e-01 3.160016113985167352e-01 2.188778982054594424e-01
4.591558263351651625e-01 1.807975790742932243e-01 2.673192594015629253e-01 2.852724210683460493e-01 1.613121292441494770e-01 1.131053944827713348e-01 4.539427238283106347e-01 6.310605728001589254e-02 1.792569215470245225e-01 4.059426732398378479e-01 1.769775128416098964e-01 4.523641477206486600e-02 1.656794795027665690e-01 3.710226949791782802e-01 1.281577997512688416e-01 2.921184575043612175e-01 4.553998374921015557e-01 3.837946937126164859e-01 3.720378947071026898e-01 3.054656289035729277e-01
4.069661174270581272e-01 6.063902381845580336e-02 3.360564888075742024e-02 3.782647996590607908e-01 2.763843188476996504e-01 4.530958146279390752e-01 1.445706157371390022e-01 6.413907139414037548e-03 3.617921125607609367e-01 1.054993244703545524e-01 1.335002835347973982e-01 4.116442362204087435e-01 2.531246658270314143e-01 1.921306341210132773e-02 2.831041313509454205e-01 2.370314594029040434e-01 3.717535783876252387e-01 2.778340765364313292e-01 3.377750184465302952e-01 1.965014966002393004e-01
3.838795673594647684e-01 1.634447196154710236e-01 3.706684106798282530e-01 4.312408010970797401e-01 2.230061287540069936e-01 2.569848328879097976e-01 3.912183653365172153e-01 4.739871368146210406e-02 2.388356726022582699e-01 1.079041020229585743e-02 9.329703228109557933e-02 3.814706280598363364e-01 3.246973370029341277e-01 4.861067835016488758e-01 3.858487450780598293e-01 2.472773489706500127e-01 1.107133388246507172e-01 2.391967007303274217e-01 4.542441127174209337e-01 3.973923401381537213e-01
5.062367297638813157e-02 3.472258460884588005e-01 4.423245990026973273e-01 2.961171253743132281e-01 1.142590130864118078e-02 1.808720005042758483e-01 2.355394183231123706e-01 1.113375493510659897e-01 4.948700378761756308e-02 2.875719406183962490e-01 9.669028344558566745e-02 2.209849519524458294e-01 2.628098799293445698e-01 4.385584666929697728e-01 4.659113021230147922e-01 4.224478556641049765e-01 2.722518766495638509e-01 2.235970353584433856e-01 2.795329176963569709e-02 1.607039577902512062e-01
2.804213955434838867e-01 1.541673896029676361e-01 2.552784130312962807e-01 3.340150266253905792e-02 4.835673122647973776e-01 1.559069917382618735e-02 2.393455553574456995e-02 2.542069252626839027e-01 4.020097429694874380e-01 3.055189305622057483e-01 1.959596194991483076e-01 1.862886301451862348e-01 3.605552644143684704e-01 1.278221552287184259e-01 3.243401728382652033e-02 1.611754177962677059e-01 2.524280456618073210e-01 4.947443326597505964e-01 4.448158738630568210e-01 2.535535731112398272e-01
3.591997786255800990e-02 4.019454433633454227e-01 2.664100389964371707e-01 3.296439328671518093e-02 2.406360098494817745e-01 3.202971028487051619e-01 2.046329840545671741e-01 1.498149241509415253e-01 4.298469137822767960e-01 4.143673303283016973e-01 3.223197518086362012e-01 8.860625695256112155e-02 5.125344387685358827e-01 3.498317439691379094e-01 3.219834218748805765e-02 1.399371127475649013e-01 1.518055822373698405e-01 5.693910277451594282e-02 2.617103589691262000e-01 4.821700849895364516e-01
2.706783559461788391e-01 3.281772976814714138e-01 2.900890637891794799e-01 1.144660563462885638e-01 2.499808532071764733e-01 4.653373042298143414e-01 2.719631729871305192e-01 1.610377548848354878e-01 7.060433084117279101e-02 4.421840977648897608e-01 2.169015413852390384e-01 2.442115435547287106e-01 2.144090946707592760e-01 4.586456262381629068e-01 4.644386292285267448e-01 3.330418072058622392e-01 3.127183073780622768e-01 3.339196656489626380e-01 4.281953780106964591e-01 1.785830928718444011e-01
2.180032653766694750e-01 4.431375224438017235e-01 1.102388877501951497e-01 7.239595589140769560e-02 4.974520215113278354e-01 4.044005971043882486e-01 4.671790761404510661e-01 1.020962457333658147e-01 6.593925253197138736e-02 4.546740422875201193e-01 1.667701293533417617e-01 1.707004519573417645e-01 5.005167581325278836e-02 7.206085143310647645e-02 3.168931232148076149e-01 9.011767758054996247e-02 2.151221833781850334e-01 1.608198634533119786e-01 1.469829486816072103e-02 4.724418915280367837e-01
6.152573017649772685e-02 5.757404819897898179e-02 4.078167875737926384e-01 4.053326698025300212e-01 1.654435466817886224e-01 1.209431536058350465e-01 2.097165839800803622e-01 2.391075776324639857e-01 3.114419901301266891e-01 1.299168933316631191e-01 3.374791827281424239e-01 1.191962162609260800e-01 1.053496045254669056e-01 1.123088843211999116e-01 7.495230597402169348e-02 1.999003894632595535e-01 2.006893302417472602e-01 4.230046590843650756e-01 4.282871350308458669e-01 2.656447925509458630e-01
3.622049357557484695e-01 1.857921292437917371e-01 7.498344470633573622e-02 4.344151123358718225e-01 2.510803582508272513e-01 3.432961455489493274e-01 2.129947835976189752e-01 2.460984207470929275e-01 3.629278752942696196e-01 3.561145474357045315e-01 3.332838424943507238e-01 2.526627087160786544e-01 2.423075617739293142e-01 2.447556058807735246e-01 1.037709325884073053e-01 7.501487336762449609e-02 9.312306481567654559e-02 4.900600972310663606e-01 4.686548903534182298e-01 8.757393214181223573e-02
2.338073823571928944e-01 3.062677349254627757e-01 3.056057456442790587e-01 1.561010623891755100e-01 1.569094797259326102e-01 3.109236714840681870e-01 1.285780194169988330e-02 3.761845344546033143e-02 2.423097295338687562e-01 7.707303724777038456e-02 5.162679451927642410e-02 2.388752151883273278e-01 3.019088005568202338e-01 3.201622470347653682e-01 3.245504462995175143e-01 3.279778033298639262e-01 2.324375034119472716e-01 3.460703956057252784e-01 4.160280400015018420e-01 1.197464651642463906e-01
2.174109311190511595e-01 3.790018920837981975e-01 4.473371303088535811e-02 4.967330206044514029e-01 2.825314655846692946e-01 1.424331619071581845e-01 2.392150972054031544e-02 4.697102206827634130e-01 4.239516341242333675e-01 3.769869745864524169e-01 1.532529120048969906e-01 6.439203959634186292e-02 1.288523836412577284e-01 2.633854061146458370e-01 1.353699867233149334e-01 8.768319433778853922e-02 1.217270127860243523e-01 4.598379892814346559e-01 1.309441516034446085e-01 3.604904689661490580e-01
5.433526865780987508e-02 3.094996674306847995e-01 5.990906873282637185e-02 1.057132641604144468e-01 3.065007726578212743e-01 2.875006554903278833e-01 2.544130874966916700e-01 3.303254182327945987e-01 2.663039243442882342e-01 4.807967282464971071e-01 2.511593354601019956e-01 2.060045541928667567e-01 8.460743305321287433e-02 5.047975954567317236e-02 1.429966429312662102e-01 1.719260302208563129e-01 4.080353734057398651e-01 3.356833339708569786e-01 3.604534312051186351e-01 3.063967440845223322e-01
4.040151244596337787e-01 2.835251468496177152e-01 3.140193630828649884e-01 3.743960536593248234e-01 1.507013817963913926e-01 1.169253632021108880e-01 2.309980154150524101e-01 4.962450627685854876e-01 1.933427134591788055e-01 4.727159481346827619e-01 4.700366076095489065e-01 2.239273061200552362e-01 2.159927512803730132e-01 2.873736492288171407e-01 4.499904356061171229e-01 4.057253879936546515e-01 3.899592665938010350e-01 3.226567075504000459e-01 2.564865541225435086e-01 3.441289885159690143e-01
2.896563520419035975e-01 8.832399201403792754e-02 7.881450862607219943e-02 2.445957582302638322e-01 4.004689952306856315e-01 4.471579247498562171e-01 4.212742033349605592e-02 3.660305712271723633e-01 -8.197980713945580283e-03 5.743871964172597017e-02 1.967317794312223658e-02 3.265854180862040046e-01 2.421343077971385982e-01 1.427140151384220235e-01 3.297196635119278296e-01 1.320021192455236581e-01 4.561135119249736802e-01 3.220624372917754719e-01 4.285052195756147708e-01 3.495234815126881944e-01
4.048278498263456759e-01 9.937101691587926777e-02 3.878174295378443159e-01 4.754206907839235718e-01 3.229960605624432324e-01 1.733147463655640708e-01 4.156135794834198149e-01 7.658384159527532875e-02 2.805207335454780182e-01 1.396250641423679995e-01 2.722383467495100851e-01 3.559750619652734538e-01 1.756119828781781481e-02 1.438181270384606414e-01 3.519086249549890910e-01 4.001324448983636373e-01 1.149117144951837810e-01 9.698722380823909806e-02 1.288804970846204878e-01 2.592928299365444000e-01
1.848368521430014122e-01 6.341098439473781545e-02 2.933241584097299737e-01 1.813769319275137515e-01 2.603074839236212829e-02 1.982337498788968311e-01 1.820064487383408203e-01 1.354163345791836170e-01 3.771818359174225477e-01 4.849817721918328051e-01 3.762072981260234372e-01 2.299751926209604724e-01 4.878376684959903620e-01 8.824171349836344713e-02 3.440298644998284749e-01 2.655508989383139618e-01 4.343730254725197137e-01 4.938946908895461285e-01 3.807688221194842071e-01 2.629961508170569062e-01
2.431185648686984002e-01 4.742912032576453440e-01 4.357458578184845721e-01 9.766498076897199565e-02 1.551410229238268934e-01 1.470459093999659794e-02 2.981859922886282432e-01 -1.145077871594149706e-02 4.068430177548195692e-01 2.864293074571369058e-01 4.133831841270145246e-01 1.769817647786340042e-01 1.340040419584793696e-01 3.010569295951807112e-01 1.482923447100685521e-01 4.105411186100781373e-01 3.257033556251623940e-01 2.956745534248938004e-02 8.691396068505506667e-02 3.379079707509671238e-01
2.082903877797355752e-01 2.921355831498433364e-01 3.445466082583015788e-01 2.534415636891956258e-01 4.319736294282142675e-01 4.119004660764055137e-01 2.643794783484912370e-01 6.679714479515373726e-02 2.134351144457406202e-01 3.246599615536113204e-01 3.282724000302797984e-01 9.234771023194385253e-02 3.545550857781641918e-01 2.015957655097418422e-01 9.058610821769871868e-02 4.927510979346685360e-01 1.150176288325123336e-01 1.923380786615121740e-01 4.875349866152647316e-01 3.443540596401302722e-01
2.444442748802751197e-01 2.067207450403744096e-01 2.170014787146129220e-01 1.735941602983750442e-01 1.552937966355743549e-01 4.909280219618942787e-01 2.225304022752097322e-01 1.706892112499311942e-01 2.466298741560561114e-01 3.526274813870528685e-02 5.091167314173493386e-02 4.807415283509327564e-01 4.614691761678086923e-01 8.604940367584502925e-02 2.126612379231368199e-01 9.775893027291122916e-02 5.177251822538132993e-03 1.528193323819556082e-01 1.653069702950704933e-01 3.205322289479871634e-01
4.361042497518432537e-01 3.994841704761165624e-01 2.621458505989724408e-01 3.583222537659817020e-01 2.260380484327488837e-01 1.352041872277769952e-01 5.007038674330477335e-01 3.439893152734313508e-02 2.038563318737747487e-01 2.924806782586831799e-01 1.904559051546314830e-01 4.476613077170960020e-02 7.004139103254825201e-03 2.604621403158630111e-01 1.905062546731625950e-01 9.278875007777587225e-02 3.221233073751822440e-01 3.707290615173913784e-01 2.734244252733038921e-02 3.721942736866801216e-01
4.090702401335504224e-01 1.334753671068678038e-01 6.362848314817955153e-02 2.652685971591434710e-01 2.972689797721241867e-01 6.903438602977300664e-02 5.264996904222556118e-02 4.151736448780994349e-01 1.656618804522980437e-01 3.741220051823861970e-01 1.261247662727703889e-01 1.265258790789207943e-01 4.551946770607109283e-01 3.899472734675035190e-01 2.202770018965296561e-01 3.754085427295453803e-01 4.253401872721560006e-01 2.554511643001882160e-01 3.394250200474563384e-02 2.278758518646744891e-01
1.818693127330911485e-01 7.843670629411338135e-02 2.961861558100890579e-01 4.520635002370392841e-01 1.962884532519720282e-01 2.246624359308755370e-01 4.220486941337258657e-01 4.485755376121221549e-01 2.811555456055329638e-01 2.656938209487830771e-01 2.139448810401951839e-02 4.203046113794275951e-01 4.018151867781061815e-01 5.802141324015287066e-02 8.438053559156914740e-02 2.719277400405218925e-01 3.066349801986804624e-01 4.475042583366510285e-01 2.466034996586273509e-01 2.279313116426162911e-01
1.536432313030342278e-01 3.832358934408328088e-01 2.998051616979307762e-02 4.644870436597461905e-01 4.338769987929470551e-01 1.108886497529970872e-01 2.384483677032651072e-01 4.594081386816371571e-01 4.707985308428588866e-01 3.954331323022058364e-01 2.444826873183099381e-01 4.952849404437572600e-01 3.344264439722102744e-01 1.243746135805517961e-01 3.804200510272959801e-01 8.733870593675707727e-02 1.470824918721505038e-02 2.608961164959601176e-01 7.706487745828685676e-02 1.085917700583647894e-01
1.932814346967504926e-01 4.823729683200471685e-01 4.808034466601089352e-01 7.295561060757249638e-02 9.819869640278891532e-02 2.329515444087104092e-01 4.464020524177672034e-01 2.998227501487730207e-01 3.451573543777823883e-01 6.352706789284011391e-02 2.156406184805106929e-01 4.301728721913767872e-01 8.188005482610612173e-02 2.110402797759983531e-02 2.004205851741652084e-02 4.119272430052169365e-01 3.167385707750591251e-01 2.756731266997398677e-01 7.885144522995460314e-02 2.446279704062799820e-01
5.010338798843450014e-01 1.079051877359965203e-02 2.600832031219231233e-01 2.848571582978376426e-01 2.709359685078525093e-01 3.878119540962674527e-01 2.900013967988738228e-01 2.227490281720583831e-01 4.608604270433303007e-01 2.045030824899655153e-01 2.537767578483053274e-02 2.907626289055688720e-02 1.077906797346328688e-01 4.983275445001074735e-03 4.933277840815874504e-01 3.903254365865122533e-01 4.094768174364276647e-01 1.678707887828914669e-01 3.093119885530531965e-01 1.456961764791273213e-02
3.116588770126066943e-01 3.770156333166089224e-01 1.736564753493760327e-01 3.829031945888296540e-01 1.157408322795848710e-01 1.506777758635325648e-01 2.108268459191708910e-02 1.964440637206267271e-01 6.807314636635311556e-02 3.712655317526929455e-01 2.043448267867455093e-01 1.187900114869332308e-01 1.615888779582101975e-01 -4.635828825773790317e-03 4.184231678980344094e-01 2.703045600870286891e-01 3.166825125255782192e-01 3.702475169891118467e-01 3.295903120708909562e-01 4.350801504366930694e-01
4.669594551561405057e-03 3.944676918306280755e-02 4.715066636487375562e-01 1.873690193420818606e-01 7.770484949079331516e-02 7.023041757280273911e-02 1.170519480915883648e-01 1.571758780733169270e-02 3.991684302548153540e-01 9.815124718480212895e-02 2.618896116071725011e-01 2.020429519355169401e-01 3.226390396615406719e-01 2.311801418572503042e-01 3.307366226256672204e-01 1.959888473726819624e-01 7.117248484734520209e-02 2.470039043544763058e-01 3.493204494802426008e-01 1.149211963830795574e-01
2.033175320648600293e-01 3.195772817534008325e-01 4.638105718171011693e-01 1.775010514393598471e-01 4.843121988568819258e-01 5.351221936085278491e-02 3.813799300675084769e-01 8.567704051299636359e-02 4.511578633156935192e-01 1.296114695563839458e-01 2.590952635959193895e-01 4.432277735700411170e-01 6.447259450610780263e-02 4.438324829275326344e-01 1.990782330564067060e-01 3.797158882146624004e-01 7.994282097387406250e-02 3.116519497613004855e-02 1.650790619440631046e-01 1.139057871033237190e-01
1.512572585021365601e-01 3.288383998046714995e-01 2.648286000565548970e-01 3.084183107214032438e-01 4.026134057934674382e-01 1.528117424276524416e-01 2.541750002562308541e-01 1.582661137500128712e-01 1.314124085917459384e-01 3.722374186082522129e-01 3.023423768825369562e-01 1.194016335068287527e-01 2.489244786794323760e-01 1.622247868266574744e-01 1.153945146116750337e-01 9.706804920836625133e-03 2.549898361015263126e-01 4.377837637900923728e-01 3.922038005602633826e-01 3.647742257659172815e-01
4.834704451475327347e-01 3.427189131008142042e-01 4.344906193807466788e-01 2.958103485499560259e-01 3.940495984026129439e-01 9.669587850996837208e-02 1.813199577325877998e-01 4.429379545572574850e-01 2.650871018933059764e-01 2.500790312094799961e-01 1.623653020308173933e-01 1.292232337906105422e-01 3.319966596057914998e-01 4.603347974503638751e-01 2.179882343836767045e-01 1.278586460824263950e-02 3.710265416681419737e-01 1.688813143600093047e-01 1.855479835417449541e-01 1.281554024314429940e-01
4.211861218536995799e-01 4.448122029576811465e-01 3.893315205106656074e-01 7.596769926054429412e-02 3.014587747264872442e-01 7.552131017072716279e-02 3.791607463556218027e-01 4.038927666547772466e-01 2.178311618131894278e-01 4.530669628979618335e-01 3.325454951020619943e-01 1.082562516717250206e-01 2.039064346524650240e-01 5.785361655643157797e-02 8.112907249779130470e-02 3.919033953044223639e-01 3.579029101337362073e-01 2.009023384914371269e-01 3.545826235284610939e-01 9.008469813671539372e-02
5.572156131469117868e-02 1.212352886114210354e-02 5.214446182128416180e-02 3.573922148219008665e-01 3.859767820272264616e-01 1.310070583931403632e-01 5.032340469874344024e-02 1.179838910227517662e-01 3.801547988077725870e-01 1.101158398734388699e-01 6.651067868585627818e-02 4.301651549914407013e-01 3.880546312027964850e-01 2.563411007781075251e-02 3.544107470035079421e-01 4.156827719935670129e-01 3.386298038350297190e-01 1.717963982467143602e-01 2.113599251209150875e-01 9.042786927105349662e-03
4.817813006401646114e-01 4.428937765452877762e-01 4.644190144093922612e-01 4.229542120086847157e-01 2.192706805258875791e-01 1.794196164049504660e-01 4.533162471393433757e-01 2.482087981909773811e-01 3.061094830638402126e-02 3.770730779729510873e-01 2.953885909944218291e-01 1.409504526463666585e-01 1.668702382040527024e-02 4.667693993158092969e-01 2.705198504248489400e-01 1.524744503366828596e-01 4.414976907557529584e-01 2.637742154320145693e-01 6.908127616499519508e-02 3.625062043774786580e-01
3.022989330680555531e-01 4.836686118572957604e-01 3.844210947952532154e-01 1.488291494886335997e-01 4.980578651785023125e-01 2.040594608645439623e-01 9.350305761876111232e-02 6.194675763993652551e-02 4.593542556212361072e-01 3.006407270207493432e-01 3.553693300992107340e-01 1.427674300131607232e-01 3.612823891958010236e-01 1.904919376218236760e-01 2.618470098732923468e-01 2.657495332298528967e-01 1.171133855434775516e-02 2.275660683472971180e-01 2.859130588571672793e-01 2.461585551346522349e-01
2.732634402188245382e-01 3.527738666240036736e-01 4.129051642597491023e-01 6.928020259132565417e-02 4.967415764634911524e-01 2.753286558103746340e-01 4.777199909820268875e-01 2.860097365808100464e-02 2.247092007838926708e-01 1.991098490212659666e-01 8.323555359756035221e-02 2.880535358430674764e-01 2.428191569670345440e-01 2.792610128221058308e-02 2.548939590944594991e-01 1.240544041984214946e-01 5.571581438473342807e-02 3.433525619566014098e-01 4.799832394849182782e-01 2.391031146913219496e-01
4.626838057365002532e-01 4.635611615349801151e-01 1.199806518257679920e-03 4.551286842379601710e-02 1.455618572833874969e-01 3.186193178940128212e-01 2.656737292344716339e-01 2.839296220592094633e-01 4.783206921453647675e-01 3.591856160592128977e-01 1.367798886861447683e-01 3.641810322997179189e-02 2.665491659996061524e-01 3.826532491388239809e-01 2.327418596636183223e-01 4.271524610579781056e-01 4.119160605815088139e-01 1.945597734128393375e-01 2.786747729806984125e-02 6.751229926260439440e-02
2.494675678885790171e-01 1.463659504692444158e-01 6.588195451104811307e-02 5.869727038234783673e-02 2.368368702479064017e-02 1.179216882073371303e-01 1.783721310427806295e-01 4.751769040774851405e-01 4.245696469399861117e-01 1.675760810902714171e-01 3.933023088394134170e-01 4.771631815135287669e-01 2.163528058710930957e-01 7.772228355549340439e-02 1.950951973532028816e-01 3.055900520477387028e-01 1.661718074674025380e-01 1.277017220802691699e-01 9.304367176826205954e-02 2.033225428216923203e-01
2.525501543165709073e-01 2.393632846856481589e-01 2.892975348087769016e-01 1.186756661741522612e-01 2.580503568493719979e-01 4.605329134239995459e-01 5.342897641107707818e-03 2.915447607143986652e-01 4.109017784691295500e-02 4.112473786591949731e-01 4.421389896667427544e-01 3.734799594299296425e-03 2.480274121843848434e-01 5.424973554304956397e-02 1.807088165546746339e-01 3.812808737147205251e-01 4.874118832739214313e-01 4.856488332233456218e-01 1.339823723125410371e-01 2.524770408737547212e-01
3.312871963719933310e-01 2.835569753098501899e-01 4.524747519271383744e-01 3.559663634092540274e-01 6.416350277845053740e-02 7.159995294830229229e-02 4.381120075968137906e-01 -2.992007536133010036e-03 2.020762337379226892e-01 4.752252213400954828e-01 1.951678594182764404e-01 2.244343582386596203e-01 2.077306371074613967e-01 4.045812871290387358e-01 6.586596261416428899e-02 7.906793615997124991e-02 4.242137548079877862e-01 4.394259568904296254e-01 2.159341333287397580e-01 3.836295458032939337e-02
1.718124616340268029e-01 4.521595815237331450e-01 3.890900535444918318e-01 1.930979584108488134e-01 4.287617200682943830e-01 1.653508116759276267e-02 3.111477004052331519e-01 4.594215662169334746e-01 7.214544260793959163e-02 3.055730196488687933e-01 4.861779951664337296e-01 7.660629328798616855e-02 3.654629322412383252e-01 2.770623985605667472e-01 2.260766894717569364e-01 1.319886690320607944e-02 9.365506189293729133e-02 2.198279346779323240e-01 3.500525909142511716e-01 9.530330102989285901e-02
7.719941046636319415e-02 6.829543849261038649e-03 2.422715036273054290e-01 1.223836955710386615e-01 4.607932819944740022e-01 2.407868508957262677e-01 1.892938386878432189e-01 4.198897920648858584e-01 1.142182255779946171e-01 2.857496226247337456e-01 2.041762562354232646e-01 1.622507255595815323e-01 3.087128363084634675e-01 2.804190992167985286e-01 2.607615477658715153e-01 4.646261766698612239e-01 4.181821189733669897e-01 1.459411462136763482e-01 2.407832214849667252e-01 1.627026105996155214e-01
3.744176707325293507e-01 3.875638020730878819e-01 1.197994238087537605e-01 2.700378113600730989e-01 1.818904871771246934e-01 4.909177463740995728e-01 4.438711726069182739e-01 1.820446816160035675e-01 5.230419257310774811e-02 1.221587392384931858e-01 4.600044646496123657e-01 3.810335842642155746e-01 2.333717697121985013e-01 3.100545409272942310e-01 1.124687072469579829e-01 2.351568723573036479e-01 1.991268302916726907e-01 1.969664170579487894e-01 4.281725579620223598e-01 2.252871082930832936e-01
1.463167196516336650e-02 4.862702400080695098e-01 4.108023957722977682e-01 2.448906286306649083e-01 1.215037791644804355e-01 3.368880784194986377e-01 8.497762238084893838e-02 1.093333046457871938e-01 2.420483521663905901e-01 2.870474353881788399e-01 1.011859435889244513e-01 1.902976645498136166e-01 1.898011320760482068e-01 2.383576885490622799e-01 3.510274749651086656e-01 3.893550478078217081e-01 3.304945146797608757e-01 4.960970655634046045e-01 3.040883448969468605e-01 7.984860730482545854e-02
1.000818900045934989e-01 1.816762208618175889e-01 4.246501337725862579e-01 2.329189901781101302e-01 8.760386016877330650e-02 3.179370782069614321e-01 3.381392512017314389e-01 5.032650284252291467e-02 4.746708200840363961e-03 1.665894669791334048e-01 2.171173758135292453e-01 1.221272985147650036e-01 2.257858231638303903e-01 4.935906285574142571e-01 4.508108818584651845e-01 4.235851123281825226e-01 2.518875767025269830e-01 1.400968703758626588e-01 3.550796569940132402e-02 2.108667699964020259e-01
1.601864644856659803e-01 3.357359047972434674e-01 4.531293409674506667e-01 4.807873279654908405e-01 4.401001119745796830e-02 3.059722196528251725e-01 4.210658062008406644e-01 7.202188952106104713e-02 1.811411632672012967e-02 1.943245682790810114e-01 4.104247172410479538e-01 4.745554877752897194e-02 2.600495061207823144e-01 8.494349472045445437e-02 4.193174017827068223e-01 1.374634259505598533e-01 2.152284752186534311e-01 2.365443204819641376e-01 2.541204137239537753e-01 2.730904051243459793e-02
1.264418026054872912e-01 2.681876099228455712e-01 4.913852996157215547e-02 1.304972562407734626e-01 1.337029826306942726e-01 4.143086604381114868e-01 4.152934490422958147e-01 4.180263529838311176e-01 4.356719235059923478e-02 4.205801076345549450e-01 2.470162519043894445e-01 2.044454742315469364e-01 4.900703252585616315e-02 1.456633322067482361e-01 1.934045783872148927e-01 3.055166885473972194e-01 2.645775702128537188e-01 1.501824316788374358e-01 3.574413835312888477e-01 2.890142885655604399e-01
2.065175937089151204e-01 1.163403042139186661e-01 4.026571989289075004e-01 1.935008398609328883e-01 1.054944359006962512e-01 1.023748797407605937e-01 2.912511459664544056e-01 3.872869177239726124e-01 3.605132084407306481e-01 2.463567680052986819e-01 2.790118612854097790e-01 2.568271946947901507e-01 4.848589406155425774e-01 2.400621031860690480e-02 5.641914412206403689e-02 1.403626330592917526e-01 3.689774001930223868e-01 3.602282825507877595e-01 7.630707631995317652e-02 2.383512914174313879e-01
4.086748248321356858e-01 5.565899461201503917e-02 1.962832344019320718e-01 4.427186119570069578e-01 3.922834034876072629e-01 6.225289905303496574e-02 2.863664705130340715e-02 2.318245702926818863e-01 2.861891264175328020e-01 2.992754357880905713e-01 4.039665679703308698e-01 4.219689425179318221e-01 3.058135400853885244e-01 1.135439922037228232e-02 1.283862610952503647e-01 4.551572477412717532e-01 2.720695802457728796e-01 4.162864945965589203e-01 3.049649105098851121e-01 1.424164790322367813e-01
2.223851249401536112e-01 1.977378586519697723e-01 1.153395644624209404e-01 3.068955427272156491e-02 4.886207974049630032e-01 4.148704963305457905e-01 1.686892731596601192e-01 2.823277678422525527e-01 3.050449188972829129e-01 2.122097455956238332e-01 4.443730726235042283e-01 1.021323080841149283e-01 4.971954959343002911e-01 5.043193351279970926e-01 2.764491738121901965e-01 7.271002725773437203e-02 4.226603110582302092e-01 1.883440682569429148e-01 8.114867079826050544e-02 4.731472814398868243e-01
1.783349855473578272e-01 2.640949726943273568e-01 1.292115018381065905e-01 1.216617321037156835e-01 3.634747093741631518e-01 1.524569217106054031e-01 1.234793840917196434e-01 3.033346610682782774e-01 3.977848198930274415e-01 1.806691901450360738e-01 2.528025545692767495e-01 2.506044316071767142e-01 3.493349902189524792e-01 3.325543794516153118e-01 1.995007534482415301e-01 3.153056897991358132e-01 5.050753549794817499e-01 2.025138766564909820e-01 5.186216708156568544e-02 3.871529601676798049e-01
2.020553990365757391e-01 1.791361659209972923e-01 2.257396318545895897e-01 9.315354299237546543e-02 3.507707808265617816e-02 4.408340080949580408e-01 2.345585373308452584e-02 1.993119909092059272e-01 4.868495706007647250e-01 1.196836265285554646e-01 2.327331854031647676e-02 4.053325805938703397e-01 1.155722676647902708e-01 3.467773906427147890e-01 1.229343821894667921e-03 2.883715721912960550e-01 1.627216282959581262e-01 5.044413482760378153e-01 3.987682190138801541e-01 1.502492219627235281e-01
3.770559587439221705e-01 4.509559904287449572e-01 4.062780446343409735e-01 2.346300749450415113e-01 3.231433590628765007e-01 1.638786502513112364e-01 4.105356058779186523e-01 3.573790291779666006e-01 5.361240595357513045e-02 4.164733698402421913e-01 1.951780035063624685e-01 3.746684791631217371e-01 9.563141591894447346e-02 3.229197122745855464e-01 1.154633664260859040e-02 2.193126243075374793e-01 7.120996267446252914e-02 4.540078960542769382e-01 2.207100286130292133e-01 3.389476051061409700e-01
4.420774563549851321e-01 1.908904686060665101e-01 1.460571616925559757e-01 1.986419171043771192e-01 7.434324180455069431e-02 2.591316187524886905e-01 3.684717373358847858e-01 2.163465730255958730e-01 4.705937033269569914e-01 3.736535163816017691e-01 9.597368323052414552e-02 5.301120066877294812e-02 2.066358271411655179e-01 1.915840684820565437e-02 4.558227751484342782e-01 2.541483809880801942e-02 3.889519492478292761e-01 2.508217547023817162e-01 5.022656822747840755e-01 8.626861390304033095e-02
4.630713053001117019e-01 3.538971643953380819e-01 8.326439086432944892e-02 1.297051315177360775e-01 2.727113441140336381e-01 4.582040155950070637e-02 6.651283357172237121e-02 4.842415399415567756e-01 1.968130736883528242e-01 2.993075366716249075e-01 4.408841407623784181e-01 4.258958830722792133e-01 1.192476886405995223e-01 6.167015633000874630e-02 4.879084582772041379e-01 8.669241289773368941e-02 4.166312826787357121e-02 4.190737059974926071e-01 4.211357875196125589e-01 1.683789806757426122e-01
6.039609552234920936e-02 1.732204308984679753e-01 1.031019147240308242e-01 4.692665922970117864e-01 1.635031888966143598e-01 5.157585337574242118e-02 4.599977214431208786e-03 2.929240282016330466e-01 2.752256759247856399e-01 1.111156643960507368e-01 1.662258409196469000e-01 9.442971213250689333e-03 4.312196851335268755e-01 3.140417525953594358e-01 2.402380953130627828e-01 9.352303458576813333e-02 -8.671217353381846515e-03 1.318927194290520633e-01 4.500227663019615298e-01 2.363112511522222001e-02
8.953192739256925214e-03 1.814618497039015843e-01 3.488835159327970947e-01 9.043492151742989205e-02 4.904539644166718004e-02 1.417463525426614634e-01 1.407242186635754566e-01 3.452946919276808635e-01 5.521505676490365278e-02 2.504231970204737201e-01 1.817088493958735063e-02 4.638796634072043790e-01 1.485677155073582278e-01 1.019845919138405443e-01 3.898499661411062300e-01 1.308304021831994679e-01 2.375206409530937202e-01 -4.614060925827410953e-03 3.098868567000944707e-01 1.506549585086053300e-01
7.350675968482187073e-02 1.314543490806481252e-01 3.902889191114369133e-02 3.551932068147839461e-01 1.528666206022581686e-01 9.328423821536044325e-02 6.293707115616173353e-02 -3.673796328441070679e-04 8.781950706169361354e-02 3.127259117819640721e-01 1.334539777112937840e-03 1.683492135891558605e-01 1.240780363975225592e-01 4.814715983561958512e-01 4.974358548749321235e-02 4.454925327719279626e-01 1.303764634534426980e-01 1.654093152774750441e-01 1.636569553054006698e-01 1.853584661187758845e-02
1.554459255691348629e-01 2.287720033940085496e-01 3.277824716183615483e-01 2.714398563097945583e-01 4.972993083062671182e-01 4.678435624647424573e-01 3.891027825667134343e-01 4.671154601087307845e-01 1.161564464876787134e-01 6.265555546822731969e-02 1.474422084806588720e-02 2.706964912400390277e-01 1.105958731491052532e-01 3.122609233229177716e-01 1.246728774704109616e-01 4.696329449365074238e-01 1.355690696657508854e-01 4.325120037819448759e-01 1.934014394662235126e-01 4.548563630366431743e-01
1.196080301343571684e-01 2.499373630315305794e-01 2.943286271891329409e-01 9.600926456001508680e-02 2.261530472015217952e-01 4.565177671967611817e-01 2.557316151745326338e-01 2.271529423417674998e-01 5.046563294331513072e-01 4.451472114692190951e-01 7.739114604985682100e-02 4.738501092419093452e-01 1.322764686669872236e-01 2.451249743251266711e-01 1.609852596499989075e-01 3.810367091212013557e-01 3.308138344244300200e-01 3.612831061365284757e-01 1.184598502748474558e-01 1.645329695953030302e-01
2.587367673860317407e-01 2.263115303076352613e-01 3.485475096433341968e-01 2.851268684020939470e-01 3.298818310005668247e-02 4.552035528810514098e-01 8.610609192030074799e-02 4.177396672530037103e-01 2.803110910985228132e-01 3.553631990864145607e-01 4.273650830818941926e-01 3.302160442397062967e-01 3.791075474968087500e-01 1.229120875423883735e-01 3.912419961509956690e-02 4.931248341481610509e-01 2.620186156460166393e-01 2.502951996531529999e-01 3.733128679551301343e-01 2.248010959535867437e-01
3.218991666584471445e-01 7.604561564356317194e-02 3.386913705832386712e-02 6.467804949099807688e-02 1.611353055086980346e-01 1.636827045771491740e-01 3.385941042199595574e-01 4.042856988551259967e-01 4.008387290056694141e-01 1.644296339684875596e-01 3.300643771884890221e-01 4.922142212207390455e-01 1.598663510093308315e-01 3.276857257547009517e-01 1.415469535115152222e-01 4.593871037575481681e-02 1.520500234445420762e-01 1.278973911862112955e-01 4.104690107377234054e-01 3.070653586941796132e-01
4.770046909629819254e-01 2.310607619331717100e-01 4.774534369059086902e-01 1.255458920579309579e-01 3.803523827412759184e-01 4.501891371875786640e-02 7.218261368267905875e-02 2.743523995250382042e-01 2.305958641739118131e-01 1.162871472765542175e-01 4.285620771524499828e-01 3.500325329773610328e-01 1.804383461975015701e-01 4.316690223251585801e-01 1.990908776743901265e-01 2.720018478811179197e-01 4.131637647901663102e-01 3.463855487171296210e-01 3.316711571579499251e-01 8.612445875742509582e-02
2.548746372086478362e-01 1.712046080637355805e-01 1.186915905988138176e-02 6.145417353617927542e-02 4.963482267293133909e-01 2.393602996553474416e-01 8.775368343426977191e-02 2.084883763962981987e-02 3.730546778785331918e-01 6.325192488383597766e-03 3.628877716421091137e-01 1.884832810676504988e-01 2.531334040024353915e-01 5.198170158302206634e-02 1.453106695453349473e-01 4.734039418515198494e-01 4.803785007097446935e-01 3.984951776201741125e-01 4.428662072328834465e-01 6.196779415446682093e-02
4.383498508231604140e-01 8.309496047695909271e-02 4.487285465057866407e-01 2.636666359929072945e-01 1.344716560872150912e-01 1.438032748836331198e-01 4.777578065032500425e-03 2.764120619160296277e-01 3.648789714705843457e-01 1.584866260174371266e-01 4.375287480132190598e-01 3.292299025571510107e-01 1.764598725579364646e-01 1.551997804439077810e-01 4.589522999125297820e-01 3.855884550882520689e-01 4.246893009521107154e-01 4.988898088353000415e-01 4.135665349505988631e-01 4.463186669276601043e-02
3.970439168094261895e-01 4.297971411035009931e-02 2.927506637619850527e-01 4.119461555019252735e-02 4.486859939699504585e-01 4.099290824437155645e-01 2.595430445561063282e-01 9.372618554155610904e-02 3.094832451559794695e-01 2.451018350802373069e-01 8.908737508116294779e-02 8.441930970588149008e-02 4.948132411600474345e-01 3.639308012290526622e-03 3.713852423360737565e-02 3.147869810038974592e-01 3.826579733062898114e-01 1.454605607385230648e-01 1.693922995807443377e-01 2.845409131193877283e-01
2.184769596693999505e-01 4.306172523107361649e-01 6.826005186733016816e-02 8.882515560682391342e-02 1.039826692102448630e-01 1.923837936139385918e-01 2.201631156596466354e-01 4.697871440794077480e-01 4.612436753995165506e-01 1.487480317879284475e-01 1.133581640080730951e-02 4.346685444806249188e-01 1.905333380752704531e-01 4.691073360075990184e-01 4.827917757180610892e-01 4.885461096772200640e-01 4.619367348045926858e-01 1.625550892670440672e-01 1.833437112884546971e-01 3.800394665586338538e-01
3.561624879094063556e-02 2.796583013793246808e-01 3.368276821215676620e-01 2.134051245345806591e-01 2.264690439098590580e-01 3.458249436964144219e-01 1.480618260315106349e-01 2.465651292486135127e-01 7.959973020064720073e-02 3.609774811368306469e-01 1.082403305214415801e-01 4.872361460627096241e-02 3.152238847404571498e-01 3.813604816086081928e-01 2.026823204123582300e-01 4.781968110234172120e-01 3.664816274671482410e-01 4.488452212193611013e-01 3.306260935077882102e-01 -1.269179626622247460e-02
3.653298795725200554e-01 1.338790931680723384e-01 3.369875547430463691e-01 1.626716614004179162e-01 2.019775279254724942e-02 2.092605711622373965e-01 3.355579345901002486e-01 2.717266923413529794e-02 3.956736055054852624e-02 2.373199301655759819e-01 5.239325933696193510e-02 2.815349245714141024e-02 3.687647343853714954e-01 1.748347066448457943e-01 2.405466745940941231e-01 2.871155720771361233e-02 4.706053989375438840e-01 2.963452330660405476e-01 4.801048536971864178e-01 1.248252531810690596e-01
4.450908819689229912e-01 4.147231438381284718e-01 4.279081499641092523e-01 1.582112689882687329e-01 4.184549912811159900e-02 2.643891085871395430e-01 8.462088071368441267e-02 3.327899912366563684e-01 4.935958918298533060e-01 2.293854688490918042e-03 2.868082352985029115e-01 4.243843972989069097e-02 4.360850346107639219e-01 1.362450311481689475e-03 3.837841512955016410e-01 3.521834515694670098e-01 7.093788699924305496e-02 2.790565452625164977e-01 3.290889790283012539e-01 3.378754411912806566e-01
3.482024668180348503e-01 1.806516811843838777e-01 3.911231189784354911e-01 2.428062716243883229e-02 1.543754182920094586e-01 4.187030016790611042e-01 2.020153975946049063e-01 4.884472329740195407e-01 2.848894802505367863e-01 4.462414351133550117e-01 7.216662892862193979e-02 9.676632448809044384e-02 4.267409718653653039e-01 1.643676119701801830e-01 4.462637986149163849e-01 1.303023003690228498e-01 1.625466461119892680e-01 2.403975795700123430e-01 4.160553885565219240e-02 1.431972439260237318e-01
3.987169063255586177e-01 4.651158814784278617e-01 3.125032087175049766e-01 2.837883398032244875e-01 8.928260138654986466e-02 4.912803199058551895e-01 1.693986656196585783e-01 1.659010660843519003e-01 4.483281183428494132e-01 3.378091912565256427e-01 8.168297079568119512e-02 4.443512351455949916e-01 3.694458664620067223e-01 2.991051706052417769e-01 3.082465391432364643e-01 1.555066275761776695e-01 8.980773324576295236e-02 1.349905989048543475e-01 1.763460168868033195e-01 3.516254080733869358e-01
1.175785671711826116e-02 2.272450401970792788e-01 2.931984660920760599e-01 4.563716275419693602e-01 2.492470082590265978e-02 5.993790351441558029e-02 4.920972445565751641e-01 2.174461631225059199e-01 1.804065974281863494e-01 8.282343280144581488e-02 3.154535630927001177e-01 2.768513021413890884e-01 3.830318839645263096e-01 4.268411430177037058e-01 2.289172488825806998e-02 4.689090248540778161e-01 4.766959917848871964e-01 4.015179972134160780e-01 5.021200760981647804e-01 2.159947870841716910e-01
3.768182851950303003e-01 2.870164342737540619e-01 3.685608182859247961e-01 2.183598298851081587e-01 1.836121162120867567e-01 4.089489264663705992e-01 1.507568072476804799e-01 3.912831641816713613e-01 2.162117156542416596e-01 2.654271269442861625e-01 4.283402015689807829e-01 1.868560912777584848e-01 4.851940292368295826e-01 7.550100811444843303e-03 4.948729788417932651e-01 -5.124065479666335861e-03 3.094503903323390648e-01 6.326450237136524435e-02 1.047275465291036683e-01 3.238243351676723947e-01
1.167398855607811037e-01 4.477546074535858622e-01 2.421575593835831319e-01 4.052656298907928584e-02 4.711423504804176932e-01 1.400679094261812752e-02 3.885455116756014737e-01 4.732226969442436260e-01 2.121890882148472768e-01 8.985655355532759514e-02 8.115009217646222683e-02 3.105698259203095932e-02 9.491986895115966938e-02 1.253319796984067036e-01 8.441381035144539247e-02 1.952873374106888493e-01 3.090807783484275650e-01 3.262496694936405373e-01 1.549295187013645103e-01 1.885322561446449163e-01
1.665598300950252020e-01 1.894779263135305120e-02 3.045434877532379736e-01 2.444331308488609522e-01 1.616824417634141475e-01 2.075148550580257767e-01 3.944863671754157419e-01 3.545843370464107913e-01 3.757941009180699177e-01 3.766961027445712706e-01 4.006227584176121348e-01 4.010697695506703075e-01 3.368947277213433233e-01 3.633007185293803953e-01 2.812168063049333769e-02 2.844522238735028297e-01 1.280022821760488649e-01 6.114062263149207949e-02 2.089065616386903967e-01 2.538216218894791543e-01
2.440217057278845914e-01 4.660634843615529821e-01 1.790125567231046211e-01 2.071478697411561765e-01 3.814059912639117256e-01 4.970717914533422932e-01 4.445798533636370897e-01 4.042411644891602540e-01 9.110119853971025694e-02 2.386545386822570280e-01 1.295581375146787062e-01 3.372552321218752480e-01 1.802920544345508191e-01 4.880430953978620034e-01 1.059940614127897890e-01 1.653287340934745941e-01 4.855133602896975070e-02 2.681434333857157237e-01 3.358701092618254780e-01 3.797139375271835759e-01
1.994028480359358591e-01 3.933073149041340644e-01 4.923704106714395512e-01 2.834245170598622687e-01 2.775845411234795224e-01 1.379800655207615301e-01 3.038729014452878907e-01 1.911284393270323012e-01 1.317229797362654276e-01 4.784058238706044297e-01 6.989347096196618647e-02 1.721882218905363970e-01 4.545868731964532450e-01 3.166533409356892537e-01 3.871163849563610815e-01 2.856847927139267718e-01 3.175679029549597354e-01 2.644867695911875538e-01 3.923244207452875609e-01 3.868313553961348350e-01
2.424467930963861151e-01 2.071959397169899353e-01 4.132950704650477092e-01 2.234752075102671154e-01 8.586089492806253665e-02 4.164064405870561147e-01 4.621973487647615952e-01 1.563187687969103401e-01 1.594028907296728970e-01 5.370763867898462746e-02 2.119600373053170950e-01 -1.414598581225977661e-02 1.147356904822897650e-01 2.433567237853619808e-02 1.955807515118838102e-01 1.196449547852819206e-01 2.968977624443527863e-01 7.049059662719922570e-02 3.799855442404911354e-01 3.571359218105374378e-01
4.830656896836424408e-01 1.510913726355313583e-02 1.590174248826036751e-01 2.200170463048125302e-01 1.540221475937522400e-01 3.678454232318117967e-01 4.453291510360936067e-01 1.155465722036460724e-01 4.289823755577976683e-01 2.077909493709014233e-01 3.660558854835910814e-01 1.535281473073082659e-01 1.810987639581930139e-02 2.123335080671508723e-01 2.780531699994539530e-01 1.202764588444230343e-01 4.372584077459018004e-01 2.411792537363645350e-01 1.871193260012479487e-01 7.560719644535560113e-02
4.147868211093469482e-01 4.177964807000897340e-02 3.043615032992400549e-01 2.420624217101026154e-01 5.013996945587726461e-01 7.368159882461169929e-02 3.414072999199578573e-02 3.393873191498780750e-03 2.018774193610632373e-01 4.398685088515472130e-01 2.814383712921398328e-01 4.913828044226080105e-01 1.513060299108085760e-01 1.361765348894493632e-01 3.926776796904258293e-01 4.837930078708386206e-01 6.337068750565903220e-03 2.461903167774989742e-01 8.015575616328099451e-02 9.667366113580914966e-02
3.147117628025695724e-01 4.196599459762045958e-01 2.105078374176598821e-01 3.689882280582142404e-01 2.129809101100912927e-01 4.951532953896728428e-01 2.077594181292128361e-01 2.109278620246357872e-01 1.714711483144388537e-01 1.819175353977963913e-02 5.803795804247430939e-02 1.251225810633513902e-01 3.138670153655855333e-01 1.073530057290191138e-02 1.402903375361214400e-01 3.203692937039330224e-01 1.071426044923063647e-01 4.113488675717526522e-01 2.702187130565963380e-01 4.273958358664795565e-01
4.962268399397531948e-01 2.425694531284640076e-01 2.635504345886180988e-01 1.712781393407145358e-01 4.047125516050463223e-01 2.105288932323980677e-01 4.360960408511572739e-01 3.142578896822580958e-01 4.155480982786348698e-01 4.237645581695498875e-01 1.618111029866459438e-01 4.811331317921465067e-01 1.892596204898742418e-01 4.713053809550670215e-01 3.671247855413981021e-01 2.060854880987458837e-01 3.802663583750927057e-01 1.507674354672811634e-01 1.784151845855024565e-01 2.581072546303334603e-01
2.330878195909830974e-01 1.832113303273276775e-02 2.731465996848501110e-01 1.633947915395816963e-01 1.200715387883495439e-01 2.105401781898064983e-01 3.870908646511932449e-01 2.529707158568277880e-01 4.179644622050364688e-01 4.694824473620680672e-01 3.185394538319214486e-01 1.576737325282619728e-01 3.445714618210617974e-01 1.187185792528792083e-01 2.848145174058434037e-01 2.128080390912829023e-01 2.514636830369355591e-01 3.962533685530399974e-01 1.418774211571370569e-01 1.603628354657645610e-02
3.361670901762682795e-01 4.776652017880262946e-01 8.591017334506233227e-02 3.308521186498285527e-01 1.121849329651620070e-01 3.847260042368739197e-01 3.199940977916783114e-01 3.510908279962492440e-01 4.912748992550135252e-02 1.245585588264191135e-01 3.215032475647069399e-01 4.948965281080309336e-02 1.415460153685305644e-01 3.935326545727828584e-01 2.459456755881104240e-01 5.840904920816925722e-02 8.282892090001994778e-02 1.786250202998222736e-01 4.290251768601828775e-01 4.356764378807717608e-01
7.381610866574778163e-02 1.095975299535840580e-01 1.260859168608518821e-01 1.914540654079312509e-01 4.624284707994951726e-01 1.013485296062117957e-01 5.722737960906201099e-02 1.305730101345750627e-01 4.129964258832789503e-01 2.439148076097983064e-01 4.899316242275934541e-01 2.824258445740610579e-01 2.410789740126771385e-01 9.710639598048419197e-02 3.778714958565649873e-01 3.311037085972793892e-01 1.202177889605011421e-04 4.341240732873892783e-01 3.730237866461398322e-01 1.538853812121826481e-01
4.232459450622530484e-01 3.803160855664857731e-01 1.846123719378963690e-01 2.000550175890634386e-01 4.255414753514448201e-01 3.543287510647235572e-01 1.676998788811827346e-02 4.296650889928818606e-02 2.345512155714508662e-01 1.331753940610204967e-01 1.200870686333504606e-01 3.316907291022849202e-01 3.241202966231976901e-01 3.497456676208989812e-01 2.503397253078149670e-02 5.039454372515355107e-01 4.020064151938516211e-02 2.577949229615822402e-01 4.338581012502939482e-01 2.091564485389824368e-01
4.531272201507939856e-01 2.345730257248410944e-01 2.980967607164847211e-01 3.293770339234555755e-01 2.555100850107685714e-02 2.556386847674637086e-01 2.049690628477806864e-01 5.506518848423941348e-02 1.805768410991428485e-01 1.605924411539192409e-01 3.090113973359737143e-01 2.003986267317319769e-01 4.426102602127077734e-01 3.067986368565512878e-01 9.685173962834614514e-02 3.511305159801064169e-01 3.026232299765457823e-01 2.522171219790018265e-02 3.515901926097903529e-01 2.939788385076606558e-01
3.186342051001577191e-01 2.575033816659213354e-02 1.516807217290825072e-01 1.751897212737777709e-01 4.597185952386955710e-01 3.960599422731708730e-01 1.195349176304582317e-01 5.105812268102451895e-02 1.416919638456095587e-01 1.080412306065176575e-01 4.979708364323976455e-01 3.497809661836012718e-01 3.896166233598550299e-01 1.081144644084588435e-01 2.144116947989764821e-01 2.320721004198698922e-01 4.527721203607169009e-01 1.690502572340543339e-02 3.584018755928532196e-02 1.623463979658885947e-01
1.033188074480968222e-01 7.861332638373369486e-02 1.339792091068509605e-01 8.449442041772765866e-02 1.465817875997197858e-02 2.628179481770638315e-01 1.872826493895637934e-01 1.819245001244697291e-01 2.329236677264556188e-01 4.129002808274909175e-01 3.209051441742193367e-01 3.607212165101014167e-01 1.883836726468538780e-01 3.110506862891835866e-01 1.577997616346429044e-01 4.614438055105099523e-01 1.387198715443400954e-01 5.044470256148695514e-02 2.439910645839669934e-01 2.670712478350563135e-01
3.532422301232824441e-02 2.051268951555698661e-01 2.860716367789256087e-01 3.024865093900081514e-01 4.403265126398364093e-01 1.507905266831519320e-01 1.928002963241700618e-01 2.768880059234756219e-01 1.900372634364939362e-01 1.182321087317181503e-02 1.730658581619743952e-01 2.407925098965402189e-02 4.134019153194654073e-01 1.947490488707235290e-01 2.999915039950589168e-01 4.170639132229562174e-01 4.381186788422893746e-02 4.638013601771794336e-01 7.367561446377883516e-02 1.068250079409483605e-01
1.321977702882966010e-01 2.956440468190089099e-01 2.116776610164066569e-02 1.706591295681587073e-01 4.269540271595935743e-01 4.178867448208430369e-01 1.474660752144559550e-01 2.690235138487043209e-01 4.544188047660336349e-01 1.472146226915360956e-01 7.928480593236640617e-02 5.015830319748854071e-01 3.359569785936977748e-02 4.898840417645246581e-01 2.881161489502723771e-01 2.690283554984673753e-02 1.858035265635238908e-01 1.662136229257998310e-01 4.203010246440137543e-01 1.084246445861960229e-01
