0.000000000000000000e+00 0.000000000000000000e+00 0.000000000000000000e+00 0.000000000000000000e+00 0.000000000000000000e+00 0.000000000000000000e+00 0.000000000000000000e+00 0.000000000000000000e+00 0.000000000000000000e+00 0.000000000000000000e+00 0.000000000000000000e+00 0.000000000000000000e+00 0.000000000000000000e+00 0.000000000000000000e+00 0.000000000000000000e+00 0.000000000000000000e+00 0.000000000000000000e+00 0.000000000000000000e+00 0.000000000000000000e+00 0.000000000000000000e+00
1.969238220883022250e-01 5.799128820403599838e-02 4.490390274214990929e-01 2.734223928574024964e-01 3.170488111396135844e-01 7.108796835303020367e-02 1.243745098710303809e-01 1.694802032752484588e-01 4.858930135627000935e-01 3.377877904362660000e-01 4.856371168993457998e-01 2.843413399483081250e-01 4.177999569462568230e-01 1.433136767467617922e-01 3.684405247648444015e-01 3.043382723199211104e-01 3.424212353404251785e-01 4.571036056800446556e-01 3.431133032895982704e-01 4.473049576064122568e-01
2.670072618606560977e-01 4.000150848459382291e-01 1.064614829920532690e-01 2.750003646303157412e-01 1.446237686690716451e-01 1.235007245406329335e-01 2.695196767321881848e-01 4.150212383191261845e-01 2.719971466846579089e-01 2.377375920104712048e-01 4.471587659265705006e-01 9.141034441194378912e-02 1.060819707297672859e-01 4.321413572373594136e-01 2.751909480919529916e-01 3.205716865448534070e-01 4.368168545176606687e-01 2.989478936278177137e-02 2.093913240899309414e-01 4.026950670442412950e-01
1.401032611000998795e-01 4.211806190060736199e-01 2.233771054274933665e-01 2.585155681060654631e-01 3.533628282241169094e-01 3.391832318168088722e-01 3.808693706275389501e-01 1.926063037964635682e-01 4.789719981038078056e-01 2.804594162507788591e-01 1.131474233261929724e-01 3.626370074978715885e-01 1.438977113887024706e-01 3.066765206507063857e-01 4.450908644678210901e-01 4.485669854790217959e-01 1.769930347707154017e-01 1.601432329739611304e-01 1.243591024687077939e-01 1.567551056881994753e-01
8.951279012379324829e-02 3.417387243881930825e-01 2.609512872343592860e-01 7.178173769280740690e-02 2.076114539371922973e-01 2.460404989810416609e-01 1.235287792289251202e-01 1.731654715856296711e-01 1.099133688089515976e-01 4.757606579190032381e-01 2.946219723492991549e-01 4.104741391740844292e-01 2.102430595693771109e-01 3.327846398984676268e-01 1.078106971218704274e-01 4.082052173017699515e-01 3.573759396155339330e-01 2.886276293588668218e-01 2.016935506138355372e-01 3.653251262838925206e-01
4.466634538201342264e-01 4.542111679320930823e-02 3.177334070208681638e-02 2.663792422082798539e-01 3.168224722647740299e-02 3.144226422895731732e-01 2.617407952117819514e-01 2.790498757036380048e-02 4.461338777615152934e-02 1.126554699899113832e-01 1.670932866554212248e-01 2.334383362732058431e-01 3.252058813272401538e-01 1.346975391488464957e-01 3.455331037883528356e-01 4.197795115920189835e-01 4.659751649345778013e-02 3.077661443603374458e-01 2.012984649936443438e-01 2.116065261080953830e-01
2.925139360885986237e-02 3.656004892514449489e-01 2.135438256134287727e-01 2.014548337453684612e-01 3.991200789226460044e-01 1.775008194811121820e-01 1.272015324721011142e-01 3.427361481862772896e-01 8.854573438051897838e-03 2.240987930393825711e-01 2.576894035352601531e-01 1.378788638108732478e-01 2.378428613309436779e-01 1.923283971474953613e-01 2.830739470585851847e-01 3.995757594286160064e-01 3.897492511481694399e-01 1.871304258596882542e-01 3.948727352666627222e-01 2.958850531041212206e-01
1.053903513836652178e-01 1.431369703674568172e-01 3.681196349212760843e-01 4.780932630055709232e-01 2.471982076263654349e-01 4.210088338971094135e-01 3.116890505832299249e-02 4.505641993544366036e-02 2.979806147223516000e-01 4.036757376961304655e-01 3.387064776954532563e-01 2.390673542229210247e-01 2.187459373767677295e-01 1.073098225922502064e-01 2.645001789628558253e-01 1.339425541602941860e-01 1.036005132434830167e-01 1.592540763235580914e-01 3.140803370960828511e-01 2.188515044762521788e-01
4.563246511710014053e-01 1.774756375632317029e-01 2.638202195292285723e-01 2.826464865591522546e-01 1.631692742312377264e-01 1.097772104508113883e-01 4.536673379922052107e-01 6.180387231117492886e-02 1.800000355446853273e-01 4.069519004789648453e-01 1.772415918886932895e-01 4.548901352492595862e-02 1.653855128490082649e-01 3.684101733156771030e-01 1.286263481619636384e-01 2.925284612023322239e-01 4.539665448868122621e-01 3.837608237644225539e-01 3.687333617083130566e-01 3.031004715010398587e-01
4.026452519053487222e-01 6.116370836716685661e-02 3.335434278160295807e-02 3.763208889239402222e-01 2.773140357070409401e-01 4.513753581055588993e-01 1.430888178129805788e-01 5.293754792004370414e-03 3.597099193596949296e-01 1.034176143065225206e-01 1.327907910610326425e-01 4.087510015627884852e-01 2.521927281576402669e-01 2.029644735498305555e-02 2.833067493606233334e-01 2.339567611832667204e-01 3.682047590626810196e-01 2.750498484275654687e-01 3.365134253348337490e-01 1.942959830338449601e-01
3.818424262712725725e-01 1.620795447214382345e-01 3.683976193315197101e-01 4.282742219490599522e-01 2.220675724846948862e-01 2.551220951011669014e-01 3.866383044571296557e-01 4.696943027339898352e-02 2.390690284867386661e-01 1.102618329167735431e-02 9.349504567133815058e-02 3.790219734905331261e-01 3.230124980519517019e-01 4.810346055895080020e-01 3.846054362249275993e-01 2.459187393035680291e-01 1.096175593068327292e-01 2.372696678396394587e-01 4.515891014857431052e-01 3.960529008312846933e-01
5.129927522366683340e-02 3.452141523602983986e-01 4.371912605928753304e-01 2.945985460699759861e-01 8.314973171229015150e-03 1.836025030679947212e-01 2.347399693825172606e-01 1.117805799066591138e-01 4.800799400045646648e-02 2.852439412431247434e-01 9.634585040123361255e-02 2.170919280700621956e-01 2.597863288983011665e-01 4.360861172907112837e-01 4.628009699475574834e-01 4.205027794247438444e-01 2.721721784113368403e-01 2.208904660365494099e-01 2.790861046724685962e-02 1.590587470799864622e-01
2.783630835741784382e-01 1.510741290130211689e-01 2.529050867288998861e-01 3.412443507737516341e-02 4.824009482538021421e-01 1.641878220732689853e-02 2.474038465196932643e-02 2.512999644200222815e-01 3.999909419399454991e-01 3.020082136756143676e-01 1.939010387725652040e-01 1.859539746754981793e-01 3.585350543270933166e-01 1.283406034540678642e-01 3.264161857578341819e-02 1.612141201310159089e-01 2.513423744790598824e-01 4.912054658266586382e-01 4.427537683842047156e-01 2.516894809569144575e-01
3.560991154623763949e-02 4.015245054352638565e-01 2.649097731202635919e-01 3.412753277237422916e-02 2.413233404743260202e-01 3.188890794916122706e-01 2.042913738414313674e-01 1.495854507109664888e-01 4.275106943577217655e-01 4.134369483254733968e-01 3.197547060147565290e-01 8.963863755413258028e-02 5.100709904164344444e-01 3.496118812223630856e-01 2.898817897744315752e-02 1.373047154573358020e-01 1.520985209589005016e-01 5.638515081172546656e-02 2.608169954612883368e-01 4.817819627031322827e-01
2.696298714440280020e-01 3.255152623800917078e-01 2.908008344373036458e-01 1.130021711099607890e-01 2.478308713375821926e-01 4.619308646074438696e-01 2.713769277083414311e-01 1.595177656831654744e-01 6.887951069140024751e-02 4.407784532366160746e-01 2.153667009691394296e-01 2.426306637654229992e-01 2.137386156018458716e-01 4.558009888913078234e-01 4.625041138110920214e-01 3.274934644064451672e-01 3.092724209463275642e-01 3.291620146051399964e-01 4.259908426127470560e-01 1.781501307593841843e-01
2.158463298615439230e-01 4.402905533824070794e-01 1.090096323370051412e-01 7.409418878138192277e-02 4.930782800545349120e-01 4.009161824824982734e-01 4.658210928962716602e-01 1.037018757599709601e-01 6.431004926891500939e-02 4.527696051954835377e-01 1.687503504587544445e-01 1.712513235866947314e-01 4.884147442354012936e-02 7.058302895583352943e-02 3.168580725025646472e-01 9.118865989341316813e-02 2.139764426299953226e-01 1.603824300987294615e-01 1.684677345170025597e-02 4.709231820502745580e-01
6.139522039944457499e-02 5.707608659982065652e-02 4.034284073998095632e-01 4.045052881059945649e-01 1.651043467247756413e-01 1.200509483910186803e-01 2.090251167892635542e-01 2.391771373733761197e-01 3.107380652479854732e-01 1.301503068485772574e-01 3.348296785352621319e-01 1.173792542561142710e-01 1.063956187314925028e-01 1.120070088360716337e-01 7.254620825784874327e-02 1.988024215029962627e-01 2.018268701594441439e-01 4.187821072606311423e-01 4.278191153943457503e-01 2.639065301025712573e-01
3.590407181371167433e-01 1.865399137952417907e-01 7.634409939167954851e-02 4.326357947127058012e-01 2.498747561948769513e-01 3.413260299375892592e-01 2.119728846929067601e-01 2.439074322779802850e-01 3.620056106160576270e-01 3.545495708667201762e-01 3.318323379480231927e-01 2.517122609943691081e-01 2.445874645487267074e-01 2.437185711379138975e-01 1.024255229291131108e-01 7.483144909578173798e-02 9.186289397225384790e-02 4.887919584511241644e-01 4.677460781925160127e-01 8.666028826854191291e-02
2.315560646345113383e-01 3.022306326693534051e-01 3.025554167148791773e-01 1.544825622775343743e-01 1.571229130071095104e-01 3.093081898483636683e-01 1.346700635919622843e-02 3.448516691224788600e-02 2.403860510911741133e-01 7.531385847472492345e-02 5.199111226238842254e-02 2.381498823037473123e-01 2.998076826720947885e-01 3.188207096531945339e-01 3.245056083626501331e-01 3.269121526999388960e-01 2.318005708252339203e-01 3.443473914601178354e-01 4.118363763933420851e-01 1.222685812724355614e-01
2.158300378663801367e-01 3.792187403636276821e-01 4.509169877117263914e-02 4.946817494381204883e-01 2.824123350662872123e-01 1.429367545082065316e-01 2.525685894975962173e-02 4.687355474513641429e-01 4.211634580039295694e-01 3.747590666813909732e-01 1.542408925946823217e-01 6.532978189685911818e-02 1.310001687569801176e-01 2.617991785266113869e-01 1.332906568298800887e-01 8.532869589121412635e-02 1.191597136444417226e-01 4.577629615142757569e-01 1.326873911084396063e-01 3.568156401568463587e-01
5.557581319018123356e-02 3.054879379172930620e-01 5.933599782133788109e-02 1.035643109283934105e-01 3.036840386928923441e-01 2.880424840197962633e-01 2.525907221848446849e-01 3.284868011669450638e-01 2.650969310506528509e-01 4.797787809311437890e-01 2.491931202536252499e-01 2.046849094039870642e-01 8.321799792427608811e-02 5.079374408554791082e-02 1.428043377020160598e-01 1.705303144265903625e-01 4.041386806519293162e-01 3.330414842853245960e-01 3.593919129560756431e-01 3.046415936485486475e-01
4.031376050575715131e-01 2.810296921033538231e-01 3.128161179794676783e-01 3.694168450190034592e-01 1.518271870128891365e-01 1.176051431229471617e-01 2.321598563836423657e-01 4.934287121814304178e-01 1.928242237551839877e-01 4.705598005505731152e-01 4.657793497637188751e-01 2.224759037246160920e-01 2.147723943380283051e-01 2.853013520170862294e-01 4.477015249836675537e-01 4.048188894233394897e-01 3.891481610534305302e-01 3.216396263847076664e-01 2.561702162201897059e-01 3.415042969701320152e-01
2.872273874101722302e-01 8.890864297236666935e-02 7.566709219266215536e-02 2.422310406976245223e-01 3.998611884056162413e-01 4.457910826974528784e-01 4.076932500359716632e-02 3.634755962620664360e-01 -4.871130015418822026e-03 5.857258502661083499e-02 1.898428757559911945e-02 3.256748283929521981e-01 2.409781697483579788e-01 1.412059836707698357e-01 3.278025716804047196e-01 1.279686799601941760e-01 4.554466469682178498e-01 3.212994266501078555e-01 4.282796872329345805e-01 3.481175207586753584e-01
4.027657558697509965e-01 9.912777020252203086e-02 3.865642826046843394e-01 4.719377120461761832e-01 3.214514136705803882e-01 1.721740425586627821e-01 4.128794869056532368e-01 7.564113818425902136e-02 2.797760254420011417e-01 1.364857239473980244e-01 2.707825013066402220e-01 3.543621792184005748e-01 1.679688602532517644e-02 1.403128653384698998e-01 3.515176688644314762e-01 3.977128439680450711e-01 1.170983254082128555e-01 9.824909635485325199e-02 1.267719891987486303e-01 2.576045447504932140e-01
1.841143245877554235e-01 6.329339818910799387e-02 2.925644219617088426e-01 1.794126562632807342e-01 2.586809579638646786e-02 1.965618507108764790e-01 1.820781634210718314e-01 1.355375589136621206e-01 3.738286705582278269e-01 4.848175768511187589e-01 3.733722090836290031e-01 2.303858061100264587e-01 4.867466718732547659e-01 8.821892214553231359e-02 3.451966961176515802e-01 2.639448721538446008e-01 4.320149784823684724e-01 4.901529757947318267e-01 3.795624871295372182e-01 2.612394058883341641e-01
2.439479502523380361e-01 4.717070757849010643e-01 4.331991957488927070e-01 9.686830446225146163e-02 1.544544730524848308e-01 1.507931651009265447e-02 2.953627333430145496e-01 -1.055609246979333227e-02 4.043365022497787953e-01 2.846985222814821248e-01 4.117309867245986243e-01 1.763088189133397710e-01 1.353419695162950687e-01 2.997760434999536816e-01 1.485538852062924242e-01 4.102290727815067761e-01 3.258789810138743581e-01 3.186157661217929593e-02 8.705871702858990202e-02 3.353343120727710902e-01
2.084642544249914187e-01 2.911478203923931751e-01 3.431379264306265719e-01 2.538252272854738534e-01 4.292714419626764699e-01 4.090154540807309780e-01 2.613257932487154656e-01 6.668226832878869359e-02 2.138875884385822712e-01 3.220197511843204130e-01 3.239491231601808185e-01 9.159474656779115209e-02 3.535132420066007253e-01 2.017541421871430207e-01 8.979659970057105034e-02 4.896986668342033777e-01 1.120510753520658209e-01 1.922174849702469879e-01 4.863123542880656291e-01 3.408011257644676939e-01
2.423129544255623602e-01 2.060836686315154487e-01 2.190685308776666174e-01 1.736786460724386028e-01 1.551417905312949541e-01 4.888214674793751602e-01 2.206702684708981566e-01 1.703334345333050170e-01 2.453508905183648670e-01 3.513085949529147489e-02 4.841269838410377363e-02 4.795286470764691944e-01 4.572795498366974964e-01 8.494925403850960011e-02 2.121454780883486047e-01 9.730450868342210846e-02 5.833431103500649056e-03 1.513328810002316505e-01 1.641579364259963258e-01 3.193530039323365655e-01
4.331673132314602936e-01 3.990913712251881740e-01 2.592166455733987962e-01 3.565238181964903164e-01 2.257218993903332971e-01 1.367164330205490885e-01 4.980867385152155657e-01 3.648130260841775385e-02 2.054823418848177874e-01 2.913985278179638816e-01 1.895847571915552365e-01 4.393167318253820425e-02 8.698977338501712869e-03 2.591776391062633467e-01 1.894142531283204423e-01 9.290279346658184001e-02 3.217953915766922357e-01 3.687676972153017263e-01 2.967385025585488056e-02 3.691987623724183876e-01
4.085748147375542483e-01 1.313223652625944704e-01 6.107884013563619208e-02 2.628295573534604745e-01 2.950172265398144922e-01 6.965166917304377314e-02 5.240951412931111469e-02 4.138262722838084717e-01 1.656537000661888193e-01 3.731614509116840117e-01 1.283790681703261549e-01 1.254341189471498419e-01 4.510945552014685167e-01 3.878691140646772229e-01 2.189556972440206972e-01 3.751710556048147294e-01 4.252981820395798640e-01 2.551604820280237718e-01 3.364033377603974084e-02 2.270579347027774642e-01
1.814484436974247439e-01 7.956322034398827237e-02 2.954021133913270480e-01 4.504756594501857503e-01 1.951553890952822390e-01 2.241671012192936741e-01 4.190391037046312661e-01 4.452357602758416633e-01 2.797412022410070143e-01 2.650605302861096524e-01 2.086654654807343703e-02 4.169832615712217860e-01 3.980837010301886969e-01 5.803326802895573261e-02 8.510392626578638930e-02 2.707777663500608445e-01 3.035920592459285250e-01 4.434219053586432868e-01 2.452468936931057608e-01 2.255584337255116811e-01
1.506577968672400403e-01 3.806940121599822202e-01 2.969556905430728241e-02 4.628847186749244225e-01 4.333741707286732359e-01 1.114354653282530611e-01 2.383864247869047770e-01 4.566111648005048429e-01 4.673223143619636977e-01 3.943177141665107910e-01 2.432708201650010671e-01 4.915595068072311502e-01 3.317856990194625322e-01 1.233450015850342113e-01 3.787877008014341462e-01 8.600603142527707412e-02 1.455477138113335685e-02 2.608745339605110236e-01 7.593423302669445596e-02 1.091189717861413416e-01
1.920206954725733883e-01 4.786823049632566440e-01 4.801855185094550116e-01 7.465238695637391175e-02 9.553949160051630751e-02 2.334637686369951393e-01 4.436869129082172125e-01 3.008129418301943581e-01 3.447392894102362937e-01 6.468637344174034409e-02 2.155044810241608377e-01 4.266718174442593048e-01 8.019939057545570626e-02 2.039853051267880371e-02 1.909134277439812274e-02 4.103984465014518523e-01 3.154991868161098334e-01 2.745027435393513349e-01 7.538218338967829502e-02 2.442910438447395416e-01
4.975740162661684840e-01 1.140609969158106959e-02 2.579133237311813098e-01 2.828114193119487529e-01 2.693566864332433974e-01 3.878967455564135136e-01 2.900006909929389032e-01 2.212482880380024219e-01 4.590854775506185148e-01 2.012018902207326765e-01 2.627563239574202958e-02 2.689889885126664146e-02 1.069098973783238898e-01 4.344746071171266821e-03 4.900730604434078153e-01 3.873402911346297550e-01 4.073475968372242129e-01 1.656942162684102160e-01 3.066739239688370255e-01 1.462575311961668463e-02
3.098455794006164665e-01 3.749356872077700964e-01 1.735855717814327737e-01 3.826426579655787807e-01 1.135734046797588631e-01 1.495526733986277668e-01 1.981501687862321018e-02 1.945244926108735117e-01 6.828211299095046649e-02 3.701843073660206485e-01 2.050175627913268239e-01 1.180888903473709256e-01 1.592478310763089655e-01 -5.700616343975844699e-03 4.180953341169550419e-01 2.701895017658891285e-01 3.138151599591533225e-01 3.682248921783657369e-01 3.288058482904859803e-01 4.334659242762102793e-01
7.231820617040807253e-03 4.069580204816027058e-02 4.689754656134168531e-01 1.839214640012443724e-01 7.829030099545489230e-02 6.932134852381566237e-02 1.178921989520769903e-01 1.271151310170661429e-02 3.985834707582929237e-01 9.919337921956986048e-02 2.599601288932584242e-01 1.993874099205656392e-01 3.194764247808193347e-01 2.292641406331341059e-01 3.298329318338793503e-01 1.963662153806794430e-01 7.132731281519245903e-02 2.467010440226231338e-01 3.485032841928993874e-01 1.138896668037050891e-01
2.027600436709419141e-01 3.165300875654307178e-01 4.619985126992659508e-01 1.780766047032670829e-01 4.829773314824786223e-01 5.117981308539122642e-02 3.791221880915006670e-01 8.431499491085925335e-02 4.503485440759859570e-01 1.276161011893620634e-01 2.574570112121665200e-01 4.404445521364418470e-01 6.474746831392674817e-02 4.406103014683558916e-01 1.980481111049243459e-01 3.769603318376469892e-01 7.956752076296189080e-02 3.025485545798686782e-02 1.644213401480134340e-01 1.116121990064992131e-01
1.508285150162926858e-01 3.278456618603819983e-01 2.631897604380752376e-01 3.068105442795840410e-01 4.017791665520150657e-01 1.531697933714998017e-01 2.511286881354688472e-01 1.595288730627881513e-01 1.323870834761748105e-01 3.709029376085661855e-01 3.008095291679636629e-01 1.187357038131880982e-01 2.477860751705040776e-01 1.600025461478492839e-01 1.141015657542594902e-01 8.219050124809976904e-03 2.526846891901518566e-01 4.363886568244518815e-01 3.899343927592362480e-01 3.630630697818454378e-01
4.816325983598983007e-01 3.386062363788300833e-01 4.333635436698464183e-01 2.952512471388114013e-01 3.911059431443147938e-01 9.598744716512326580e-02 1.810005112294021945e-01 4.388532569508409864e-01 2.640357143931187367e-01 2.498296067527265296e-01 1.606921248081075726e-01 1.273990780073041840e-01 3.302912886635503975e-01 4.603660024913729942e-01 2.168112564949201126e-01 1.446631065682934224e-02 3.690779424919306551e-01 1.679264007944251957e-01 1.845637200708796499e-01 1.272792186798877290e-01
4.161891833871106394e-01 4.406509585413915242e-01 3.851696258604473955e-01 7.382231370159965389e-02 2.992331227455368725e-01 7.455531896701321493e-02 3.758757398730001031e-01 4.012701708603189643e-01 2.178093134958423716e-01 4.522386615241126839e-01 3.288162245046970522e-01 1.079055897404096603e-01 2.028186778976464322e-01 5.692774289812915778e-02 7.862107404209986439e-02 3.899632513914467746e-01 3.576303019950099471e-01 1.982564409674609784e-01 3.504291890231620021e-01 8.963002933198538358e-02
5.566836811938157686e-02 1.425954205845787748e-02 5.262175692947149847e-02 3.553458937881989743e-01 3.845100383339734584e-01 1.300784302032640394e-01 4.856144945074477443e-02 1.171443921894435441e-01 3.786013945324692154e-01 1.076146725791598258e-01 6.740951830562123825e-02 4.268895288978708513e-01 3.853295642038604418e-01 2.518143467099134142e-02 3.522774948070276912e-01 4.105509699904682508e-01 3.394008784380940780e-01 1.689449871324369690e-01 2.124335391302490939e-01 8.515877663120787269e-03
4.790982915523747665e-01 4.402309401991111870e-01 4.636244784314828560e-01 4.208637673189080108e-01 2.184578511854561589e-01 1.772468911158624483e-01 4.519160615908031087e-01 2.496722982186528328e-01 3.282073673739615421e-02 3.743114180412902003e-01 2.936682923754604380e-01 1.398061789217586448e-01 1.566262516255090623e-02 4.641287982004994039e-01 2.665416509568198644e-01 1.535676723784376585e-01 4.413814920828444399e-01 2.637624862039107954e-01 6.825518645353782776e-02 3.622001534388841204e-01
2.992990697260033417e-01 4.814760640377079848e-01 3.839564387688465530e-01 1.466018901409190667e-01 4.976390255303855259e-01 2.025227446053481095e-01 9.480102223418361562e-02 6.040560505222333787e-02 4.562281030442278396e-01 2.987511317888860707e-01 3.554126784096493519e-01 1.420561683037011580e-01 3.601420054627906819e-01 1.900705573914893698e-01 2.590523710046874761e-01 2.646929588503431074e-01 1.101292608881870513e-02 2.258106935243270053e-01 2.838224870284494772e-01 2.489232117168771741e-01
2.702435587317062460e-01 3.505144737706983316e-01 4.108735703816202012e-01 6.760541463029610953e-02 4.929256390275260635e-01 2.735503884007775555e-01 4.744409070137873274e-01 2.579699026667178763e-02 2.234249725667742936e-01 2.009352364079019237e-01 8.239391499404792596e-02 2.883878026895877467e-01 2.401504336992129063e-01 2.839077142444373925e-02 2.537572791741306011e-01 1.256671801754062900e-01 5.599650742165087486e-02 3.426010030481667079e-01 4.788541648406060558e-01 2.370549348471589213e-01
4.591423228928815381e-01 4.622445920749996273e-01 2.533101462054852121e-03 4.347028848876782064e-02 1.456744378264645534e-01 3.166885974553231842e-01 2.620104193708451823e-01 2.823990927671934936e-01 4.776449444861468607e-01 3.594077352564759575e-01 1.364982742015390660e-01 3.812815780339934985e-02 2.645075756634805431e-01 3.806780381870394914e-01 2.332062126022660387e-01 4.264655353758594059e-01 4.103947045856982112e-01 1.935168340269384779e-01 2.731366026642040659e-02 6.662864601920652496e-02
2.463631662294336611e-01 1.458740828962530878e-01 6.487529996965403500e-02 5.783730452379178683e-02 2.035192407186750541e-02 1.160232005874236305e-01 1.758611776315259223e-01 4.726876663802111467e-01 4.235222230390928710e-01 1.635753006300945667e-01 3.937854498889450383e-01 4.734700595067812823e-01 2.167933957012889157e-01 7.660705090609146173e-02 1.952140564147396562e-01 3.022973020690954415e-01 1.660677937160391915e-01 1.269283338959227292e-01 9.185411574632282306e-02 2.047777527765326788e-01
2.516680601784167526e-01 2.390652478209706888e-01 2.864933262598718944e-01 1.200739126649970345e-01 2.562525686846029438e-01 4.587508627791384574e-01 5.240982485014426123e-03 2.887736650895494361e-01 4.039862166904271273e-02 4.081768190728084500e-01 4.401596723808698375e-01 3.102936779408558676e-03 2.463666973286710860e-01 5.595913528461109870e-02 1.811024749189120153e-01 3.812696919784007155e-01 4.843382829370759257e-01 4.821688178614703113e-01 1.321770474002744999e-01 2.515455690739490935e-01
3.285475630178522066e-01 2.824098373961574926e-01 4.510812728229569579e-01 3.555275145854954189e-01 6.331133301214295073e-02 7.214932773978467717e-02 4.361708361336622541e-01 -2.239979284719269010e-03 2.021474392047618585e-01 4.733751817166311771e-01 1.935162582394863162e-01 2.257848125421719199e-01 2.050658136144146160e-01 4.011832558918404512e-01 6.577288283277914205e-02 7.855653478899002340e-02 4.226834849927935678e-01 4.380025546368326306e-01 2.162445174289320260e-01 3.730459278688925961e-02
1.693337535493221746e-01 4.481162208314355411e-01 3.872328020667776260e-01 1.924384641659606654e-01 4.263876692334343521e-01 1.427803002946303156e-02 3.091408436296764761e-01 4.552228906767882277e-01 7.245881646583809954e-02 3.068945938226549375e-01 4.831542237760836356e-01 7.649807177672314495e-02 3.622317206214478724e-01 2.740533343203088723e-01 2.257460629014816367e-01 1.430931167903344917e-02 9.161720366436131024e-02 2.178253426793591296e-01 3.485066824000180308e-01 9.348299776162430352e-02
7.838211018111239381e-02 5.650596875848579344e-03 2.424804091205194356e-01 1.179428507668293657e-01 4.606447849480329593e-01 2.407338475222829677e-01 1.892428167695553443e-01 4.179088914057850768e-01 1.139802864559132239e-01 2.858245509236155835e-01 2.015179583401509322e-01 1.610221479206274953e-01 3.079947765976402962e-01 2.788535281915053843e-01 2.596773249273565676e-01 4.644380696924654828e-01 4.160617740204606285e-01 1.409203786014892046e-01 2.405471414920021256e-01 1.620955539582069616e-01
3.725259159929940056e-01 3.872435526646991200e-01 1.208054830184118744e-01 2.672202520745345367e-01 1.813823432049665452e-01 4.872921932738643047e-01 4.409092157870372342e-01 1.806959828019009118e-01 4.935870927950281734e-02 1.217946399687895448e-01 4.586660209254020404e-01 3.785432190529112173e-01 2.323863892408762621e-01 3.086753835432614612e-01 1.113870804390349745e-01 2.346099418201793296e-01 1.972726585871731886e-01 1.946595335943302196e-01 4.297319460447568962e-01 2.225483218188614443e-01
1.432537220157877218e-02 4.851570251212641849e-01 4.073506755729794926e-01 2.430200656532717773e-01 1.207518932508597903e-01 3.350190698319854832e-01 8.546767464191529218e-02 1.090684357560613577e-01 2.404956166427648923e-01 2.850548443485220740e-01 1.004049506812076248e-01 1.910249518831158844e-01 1.902411474697989491e-01 2.363738381694396318e-01 3.492461824098101464e-01 3.878236775391015745e-01 3.303651394621586190e-01 4.931759564385863603e-01 3.022977073609703913e-01 7.920770067972444928e-02
9.845068079546968887e-02 1.813835991854370888e-01 4.237817466831494406e-01 2.317880773003137551e-01 8.770800153548052869e-02 3.157037187203924344e-01 3.375185277029547071e-01 4.945276978730054479e-02 2.789519092299047598e-03 1.631398593530246632e-01 2.142457074631038960e-01 1.214594719231791575e-01 2.257003768045933167e-01 4.896664750911941533e-01 4.509920802841245746e-01 4.236569525877747489e-01 2.478517779575741820e-01 1.409209342844171264e-01 3.596937056799751065e-02 2.079495650596482337e-01
1.592271713789813747e-01 3.348025495324493117e-01 4.491475141849942676e-01 4.787069620549323501e-01 4.424300942409713222e-02 3.027841159902758816e-01 4.172997105660747885e-01 7.036628599640143422e-02 1.715511210795310493e-02 1.960086254278035622e-01 4.083551676240287365e-01 4.798681880773386643e-02 2.576529795520247634e-01 8.551317517580957206e-02 4.155025814963564934e-01 1.373963688875983469e-01 2.151880351246011625e-01 2.330816828098677407e-01 2.501279251293834771e-01 2.564046119424495673e-02
1.279753108443310861e-01 2.649227095725202874e-01 4.867192358874065233e-02 1.310270162713757236e-01 1.339068833367378364e-01 4.136423881430834060e-01 4.133280821547456463e-01 4.160682273775047069e-01 4.266298159388725447e-02 4.174187734863745169e-01 2.446162370375438988e-01 2.036769555601041781e-01 4.908341926469565047e-02 1.440369256667538012e-01 1.920327889872291138e-01 3.018286388926372243e-01 2.644728460569167328e-01 1.512328044743794786e-01 3.579045553748768649e-01 2.878812349627590805e-01
2.054727780690717709e-01 1.153395553115451333e-01 4.027918767327393623e-01 1.947989864847984309e-01 1.052793744969885564e-01 1.020329602395995128e-01 2.884547629792126866e-01 3.871139409285084265e-01 3.583570737767168835e-01 2.440121520591017334e-01 2.789053730938492737e-01 2.542796926114358480e-01 4.812722737088000469e-01 2.607058604810678568e-02 5.762702448848853326e-02 1.423888503562477093e-01 3.656411605869325787e-01 3.581916050306340193e-01 7.583024782520575435e-02 2.362206098801787058e-01
4.044366494465976847e-01 5.431891251998711978e-02 1.959964715143410474e-01 4.397540151726357371e-01 3.916156602494039740e-01 6.147496371290013528e-02 3.030031090417966214e-02 2.295256514438609730e-01 2.854106814623556532e-01 2.971673284088571787e-01 4.022704824678355884e-01 4.174027252673457866e-01 3.049700819246422556e-01 1.065691264741903607e-02 1.292700749813097683e-01 4.535942780451395762e-01 2.707113595929852568e-01 4.139678138539374941e-01 3.011511973278851451e-01 1.411969532649679226e-01
2.225601836961365321e-01 1.980353906078445025e-01 1.136079147822494084e-01 2.808173927183326216e-02 4.836270369141326131e-01 4.117058313266085401e-01 1.681669111351439538e-01 2.803689207184748011e-01 3.042840112436498434e-01 2.147909198139980602e-01 4.407300372655659770e-01 9.982663089986194838e-02 4.963188783826202877e-01 5.004143659964993551e-01 2.743018691641195828e-01 7.291697296340651779e-02 4.207036278998485535e-01 1.865180962931142217e-01 7.814804890261577153e-02 4.725021369133433069e-01
1.800470147654166242e-01 2.613555674083040681e-01 1.280986087587804578e-01 1.212854131510428812e-01 3.640451765603301415e-01 1.513103367051185089e-01 1.242479503593766632e-01 3.009125590404071460e-01 3.961720339633003074e-01 1.780435211073649604e-01 2.503550089831489966e-01 2.490335486231563811e-01 3.473441610186924766e-01 3.288539155871981756e-01 1.964752053818846211e-01 3.111859881500415037e-01 5.034397309580767033e-01 2.005930119533179401e-01 5.132850273162573723e-02 3.876274208839318725e-01
2.009843406557263179e-01 1.753721324871303777e-01 2.261853110745333517e-01 9.307493487633640428e-02 3.356176511996651624e-02 4.392278767209061296e-01 2.499114919554743311e-02 1.970385473870656379e-01 4.824826044743563691e-01 1.196391538736110288e-01 2.385274988037272906e-02 4.035874955421319132e-01 1.131206408604745611e-01 3.447362003575267786e-01 6.950225435135873276e-04 2.864936289240178069e-01 1.629022149755585680e-01 5.001972867392540101e-01 3.949186383660344690e-01 1.508781518389959719e-01
3.739120980182545906e-01 4.476184184682903133e-01 4.030164003283741025e-01 2.320750985270374767e-01 3.226733055401351247e-01 1.606806716372107813e-01 4.056132063794728460e-01 3.539016212285071017e-01 5.392111973617500637e-02 4.138202199186111208e-01 1.950188028822910924e-01 3.700954738733920335e-01 9.450831892654745769e-02 3.231004625958619481e-01 1.144077235606937894e-02 2.195039253393947509e-01 7.290962110110384142e-02 4.512194631921691568e-01 2.181838300107002138e-01 3.370964287519618852e-01
4.402800277536517148e-01 1.905300145248375321e-01 1.431936130064592194e-01 1.966379405586397289e-01 7.224476795081773151e-02 2.625933161942999861e-01 3.651171968288992042e-01 2.162077786374255184e-01 4.698367888712764451e-01 3.702800672882305966e-01 9.930467993963998374e-02 5.316355409830557377e-02 2.077971962110583826e-01 1.800991797664265245e-02 4.523513585151427985e-01 2.665473053573808038e-02 3.881453243906715089e-01 2.514271951265578675e-01 4.981234817037358265e-01 8.648673851774910104e-02
4.603114665595149368e-01 3.516746799175766158e-01 8.491814997954826028e-02 1.289126849070593717e-01 2.736233513890089508e-01 4.537642411199264980e-02 6.822412057796875540e-02 4.820473503297665330e-01 1.967142240899023287e-01 2.976841461942709710e-01 4.374207225755729622e-01 4.234680628501006350e-01 1.193108654534535684e-01 6.332638950473670758e-02 4.855980273954386695e-01 8.549246726458528678e-02 4.392829085658716409e-02 4.173105053069599557e-01 4.183351079508483283e-01 1.658306207163113277e-01
5.847321152049343024e-02 1.724147875524638107e-01 1.028764766366328381e-01 4.655711996951883980e-01 1.643133623644527086e-01 4.934452160315835195e-02 5.629792816453899930e-03 2.933352717837170442e-01 2.734120528736220246e-01 1.093605463046347509e-01 1.655098076962942810e-01 1.070387897438613081e-02 4.286371541750231273e-01 3.125856460025653871e-01 2.411520734053890502e-01 9.425389069344451698e-02 -8.377562145569868515e-03 1.316950402677818932e-01 4.478556576581391724e-01 2.237920493178658168e-02
8.614394735059207123e-03 1.806917070935700476e-01 3.473057865125243615e-01 8.794490400608882819e-02 4.722862227474001334e-02 1.399715698645576656e-01 1.392073930066676513e-01 3.430479610327705209e-01 5.493750236877274068e-02 2.472876181243606752e-01 1.976439371063512876e-02 4.620501274629441046e-01 1.487280231568806343e-01 1.019418459638635338e-01 3.866691005929744351e-01 1.319526043493166600e-01 2.371860548830942717e-01 -4.578001509944026187e-03 3.092439559102378444e-01 1.470814568764541863e-01
7.301468211280381926e-02 1.307503613277300469e-01 3.811618471253559737e-02 3.537688013148334587e-01 1.513624336440219653e-01 9.208444726983783246e-02 6.258678726470354170e-02 -7.497304891481569762e-04 8.523858618309007595e-02 3.114903113509933652e-01 1.319256346489302515e-03 1.686037401515472767e-01 1.233711721427352137e-01 4.791383262871420912e-01 4.827604271071484626e-02 4.423053685383284139e-01 1.298731029402140358e-01 1.678731725884312909e-01 1.632176926223281865e-01 1.868738703182126065e-02
1.543921944661477974e-01 2.290311341749428631e-01 3.251006316002452157e-01 2.707669218104051811e-01 4.939733021412017755e-01 4.646413420107935455e-01 3.887451622984613442e-01 4.658456948541799814e-01 1.162929998123617414e-01 5.946415520018938361e-02 1.412635971835510262e-02 2.688669162227878551e-01 1.100679108111574239e-01 3.101320404375332851e-01 1.246061101947551625e-01 4.666483858692622166e-01 1.359866541334228129e-01 4.324781031019538369e-01 1.911979583203584354e-01 4.524303630976351243e-01
1.175690685815571485e-01 2.482536549088599220e-01 2.920082902038821926e-01 9.560935835660930304e-02 2.270671324445538153e-01 4.539729050389243459e-01 2.529303706051318490e-01 2.264974449807764523e-01 5.017898007641313773e-01 4.402613932173379818e-01 7.772542184770910023e-02 4.716928801183583042e-01 1.300492154415506807e-01 2.428267768010019256e-01 1.564445174006880990e-01 3.787803917785671493e-01 3.300862666397538780e-01 3.601027738857496829e-01 1.170858163825590353e-01 1.632507413590576495e-01
2.566283737728161096e-01 2.274601545243117862e-01 3.485878192890465854e-01 2.849043904895957047e-01 3.044755031282130042e-02 4.512008275762462994e-01 8.641260441520084989e-02 4.155041033143888618e-01 2.791379123793653050e-01 3.553515974726746407e-01 4.260587258528886756e-01 3.292896878715294573e-01 3.787516454251417253e-01 1.234507803313042440e-01 3.774574076080895041e-02 4.906064382013967662e-01 2.597087892483059268e-01 2.505597603561097175e-01 3.720438951282064588e-01 2.237250974753865196e-01
3.213176214803446507e-01 7.497579186733208112e-02 3.330119380825945913e-02 6.448106749860565978e-02 1.577401061963734086e-01 1.646486069794972917e-01 3.385364370478324836e-01 4.019913623191470053e-01 3.975135523850440444e-01 1.635036260657604379e-01 3.261950528243613423e-01 4.871317039412582650e-01 1.611932211372079093e-01 3.276541365881238677e-01 1.418155838626488363e-01 4.443998120580677780e-02 1.520941078064630969e-01 1.263163506939209979e-01 4.068755853140187950e-01 3.068204562980524908e-01
4.748386733514803892e-01 2.308190867258717305e-01 4.743933220334191070e-01 1.234577461455317049e-01 3.775061498637228286e-01 4.551094837109372765e-02 7.188552599685459066e-02 2.724529643045179861e-01 2.281771907009502165e-01 1.162452584146376894e-01 4.256601536603992764e-01 3.492259327970838600e-01 1.806452997839878005e-01 4.308122485213345954e-01 1.972096347663638005e-01 2.721664312605433511e-01 4.103859259803719350e-01 3.449980356222681066e-01 3.301661206721660524e-01 8.562261073606802775e-02
2.519200919191906252e-01 1.688737683552201385e-01 1.182693682049509344e-02 6.203581048172759904e-02 4.901463578512340047e-01 2.393533966778795263e-01 8.792986373087047225e-02 2.040150006433068611e-02 3.699297908426010806e-01 3.213913148853097916e-03 3.596877815712273829e-01 1.868177113246751175e-01 2.518282347800667176e-01 5.192990714362191729e-02 1.442747648200766730e-01 4.706758052459508179e-01 4.775879926266954900e-01 3.962292046519381716e-01 4.411788654089055517e-01 6.265460318558936648e-02
4.374470030351796379e-01 8.240084849648797449e-02 4.455202640574290607e-01 2.596398537413613372e-01 1.339013495556008737e-01 1.409618870542431179e-01 6.062926783590081442e-03 2.732047776720322729e-01 3.642624409089130211e-01 1.581232436389464202e-01 4.334333170722480255e-01 3.271311979634409783e-01 1.755869084162853533e-01 1.565438881477135558e-01 4.579963713409969106e-01 3.842948072243834168e-01 4.220520199462027278e-01 4.966568806572958517e-01 4.113798279320022289e-01 4.521527473315567480e-02
3.938343288750001947e-01 4.332681987424027992e-02 2.904009811108623773e-01 4.147925841682199161e-02 4.464509190134145489e-01 4.100961965893969996e-01 2.588153825885589621e-01 9.369621074231565538e-02 3.064816966146113320e-01 2.417053390094020815e-01 8.820454547103508125e-02 8.443470321399586254e-02 4.919838443348731882e-01 5.368885747585557151e-03 3.905711166355968489e-02 3.140536489260176145e-01 3.791946021457102134e-01 1.454115682535500609e-01 1.689592568852026633e-01 2.848454251015931082e-01
2.176024160987219402e-01 4.280098064967844396e-01 6.733266745886117011e-02 8.870780738799730059e-02 1.046404740235719333e-01 1.934766249486448708e-01 2.189221824049006615e-01 4.698839887527560544e-01 4.589165277838783141e-01 1.490966538885015735e-01 9.637296698723098534e-03 4.344765471975095550e-01 1.899187516345285098e-01 4.685903859295774132e-01 4.814917725425728601e-01 4.872798798735123449e-01 4.609997230867406981e-01 1.627785301731978218e-01 1.819499964229888689e-01 3.789895916513044138e-01
3.461184733031187621e-02 2.792238511838304738e-01 3.363040768886283449e-01 2.117219964804848975e-01 2.252593194369748031e-01 3.459181437755534660e-01 1.480810593871594305e-01 2.456154167450644021e-01 7.988173943223740581e-02 3.591358373857214126e-01 1.077984701203578560e-01 4.964094614068891714e-02 3.128750761837147953e-01 3.788528600326389051e-01 2.026396138159100857e-01 4.750784823816142644e-01 3.632600735696716598e-01 4.458980779892410817e-01 3.287303230029165468e-01 -1.314426906291480367e-02
3.652033085460177353e-01 1.337424553728427112e-01 3.339945245018756115e-01 1.608633714520997515e-01 1.973436422195409476e-02 2.118361246441090862e-01 3.336974567450697315e-01 2.739481446392051656e-02 4.011243236877468782e-02 2.360899274194543651e-01 5.130793910824645032e-02 2.899211370079145603e-02 3.672596437548975579e-01 1.747271457233375846e-01 2.364035045821076542e-01 2.917539191003368920e-02 4.688609245441523465e-01 2.937525667339570545e-01 4.766949207222802021e-01 1.205241643042474081e-01
4.426301823184958240e-01 4.127604493173416267e-01 4.281396848873839089e-01 1.567240214467274517e-01 4.286472270788117128e-02 2.643815571856187319e-01 8.429241993033984026e-02 3.300983838087093170e-01 4.893987310235132226e-01 7.752481104648173893e-04 2.873136562089634305e-01 4.361386542130048227e-02 4.340501780646363050e-01 1.299095428019977428e-03 3.839555114715872408e-01 3.516295077500519173e-01 6.950262592614493695e-02 2.790069407436226445e-01 3.267007561148886352e-01 3.359699719534811613e-01
3.467351637484493154e-01 1.771650814122575635e-01 3.874187935556794860e-01 2.370470733927780224e-02 1.544418069349268174e-01 4.173090673096978009e-01 2.025161526306552828e-01 4.841713075271467659e-01 2.838437806332980151e-01 4.433882287053922400e-01 7.146052496811104715e-02 9.444676415400028724e-02 4.233815189245282440e-01 1.603570792356633357e-01 4.438535833253041130e-01 1.295285642743142507e-01 1.624349856613103993e-01 2.385588352611811014e-01 4.112586550663956814e-02 1.412502305582491458e-01
3.974501830013257297e-01 4.627899956257083836e-01 3.115131309797181114e-01 2.822320374555714051e-01 9.025029348899463177e-02 4.881765736270956002e-01 1.676479058006318801e-01 1.657972405798026905e-01 4.482773352205768891e-01 3.362672469343203074e-01 8.184842235232395180e-02 4.415065115496841774e-01 3.647145602186863678e-01 2.962219944782586434e-01 3.055816725696519631e-01 1.568279199979238647e-01 8.972741691935977315e-02 1.342136491438120915e-01 1.767994087823817062e-01 3.483316430535917663e-01
1.100659742121331587e-02 2.244259976808348767e-01 2.914559217457514118e-01 4.554854856702705290e-01 2.505407858107788766e-02 5.864912552919442079e-02 4.911183450847267928e-01 2.171791481979432337e-01 1.812501657603047545e-01 8.145070026383355311e-02 3.123955102496306369e-01 2.740237624539411110e-01 3.808505638962995099e-01 4.241069796751885668e-01 2.238326599981099382e-02 4.664012562325042799e-01 4.728887975132740062e-01 3.988820377059882905e-01 4.994866923423236238e-01 2.143089708536430604e-01
3.752842841889975634e-01 2.843105855709445740e-01 3.662486399912457391e-01 2.147929990600848937e-01 1.817659573809775331e-01 4.073266724164102959e-01 1.524758116987998124e-01 3.890665526020769538e-01 2.152804148880394230e-01 2.675296351144625384e-01 4.273437443289500592e-01 1.867571123952536660e-01 4.834206888398179247e-01 9.569357369243337852e-03 4.919673701256270237e-01 -5.231430206100586705e-03 3.066172588292301882e-01 6.581017302257370638e-02 1.032432093296445086e-01 3.217725753935915534e-01
1.172443863063501873e-01 4.431754591677998789e-01 2.405311317540010374e-01 4.004179064000445987e-02 4.689335511807519175e-01 1.105962643034456155e-02 3.858034847001000078e-01 4.690204576328110830e-01 2.117443498513716937e-01 8.671979655347640537e-02 8.162020356393784315e-02 3.117054538354433607e-02 9.369101362633260044e-02 1.237474107104235277e-01 8.305202721991160331e-02 1.944508842468500032e-01 3.076322786412822308e-01 3.214026468318904040e-01 1.556148098432463822e-01 1.889045633942667002e-01
1.700182078246637862e-01 1.917315309039978322e-02 3.039357866450677070e-01 2.421709164993730845e-01 1.601406026404384453e-01 2.071402976507107918e-01 3.916524846284377692e-01 3.527343355238448108e-01 3.721347844194197174e-01 3.735619202186997723e-01 3.981858377404370875e-01 3.989389268627023255e-01 3.356216482195624740e-01 3.612738551545565668e-01 3.266330145600773033e-02 2.819432167536827794e-01 1.266606487560652250e-01 6.018478383642195118e-02 2.068761874559727210e-01 2.508495358962094524e-01
2.409660979751173659e-01 4.649320412282353931e-01 1.788235855185448531e-01 2.072028019263693899e-01 3.816718305521346055e-01 4.929747496667273299e-01 4.425719877009317571e-01 4.031848169197096432e-01 8.809640877861556196e-02 2.351552449960642444e-01 1.295566828201474285e-01 3.355050650700339698e-01 1.805869396280579409e-01 4.855002090648641300e-01 1.061747012864666523e-01 1.643600913121371909e-01 4.884201416812358060e-02 2.674243843950634414e-01 3.330579665005452550e-01 3.774655602611517446e-01
1.972934609411464701e-01 3.927940332315220107e-01 4.875373022765772113e-01 2.813317535209839404e-01 2.745688214593195453e-01 1.395512807040045211e-01 2.995406961170020699e-01 1.905018964972068907e-01 1.305176702912428655e-01 4.753873044868032194e-01 6.939439124537905013e-02 1.720206612542286850e-01 4.504352464181044513e-01 3.140496273999286436e-01 3.875596451274491150e-01 2.869686693299641767e-01 3.141750609593289001e-01 2.650342654393576525e-01 3.900352082181663960e-01 3.844403521519821898e-01
2.396120326613925267e-01 2.075499813815725181e-01 4.104606133383495448e-01 2.217651685388215277e-01 8.417468573779335328e-02 4.147340371339572340e-01 4.578157080670047230e-01 1.567091057113443875e-01 1.590493290739401766e-01 5.464008936244428571e-02 2.123756147555631857e-01 -1.191049503247694138e-02 1.147125748489507685e-01 2.475758715178196304e-02 1.961947997719794001e-01 1.208479550271684688e-01 2.939322525071421111e-01 7.020930180014213484e-02 3.791489840033041014e-01 3.579688898000069619e-01
4.815340321388286160e-01 1.390606030855491906e-02 1.588058564318190202e-01 2.173635470745363951e-01 1.513377557345023938e-01 3.672310042490658510e-01 4.414072964690157197e-01 1.136720300284587842e-01 4.257754709806790272e-01 2.051569792137250547e-01 3.632326605222824800e-01 1.518801735545939890e-01 1.810029793864532249e-02 2.107119012578880513e-01 2.768719298458025002e-01 1.199487652023745327e-01 4.343716663577636972e-01 2.401941790780593167e-01 1.854483602824504307e-01 7.658443194210746985e-02
4.135084144379582716e-01 4.511302019470237595e-02 3.052814866689830264e-01 2.400484641913011030e-01 4.995069140115916406e-01 7.318142352518204607e-02 3.304745111878396729e-02 4.250324325444069032e-03 1.992566776155887676e-01 4.373449357134089333e-01 2.779935540532415539e-01 4.884403606256918495e-01 1.491759776245272784e-01 1.376740023585540929e-01 3.912597256254425893e-01 4.823109294837333860e-01 6.140107312638490300e-03 2.446177053438395588e-01 8.020449971080795271e-02 9.448330247646495594e-02
3.116533269227114711e-01 4.177794821811177117e-01 2.099394581199560406e-01 3.646371328252037691e-01 2.114793208588898188e-01 4.938555890987160191e-01 2.085169192452952236e-01 2.119548852013409257e-01 1.708399694604587071e-01 1.868647707221223961e-02 5.857236580422570810e-02 1.233056922910872183e-01 3.121175820512386290e-01 1.243714753019923257e-02 1.382290329509576199e-01 3.176570842691488483e-01 1.042956062177266691e-01 4.072805581972490652e-01 2.696644494608599896e-01 4.241375938247657351e-01
4.934779964931917950e-01 2.436550816535577313e-01 2.604214601615722491e-01 1.713704856073560434e-01 4.030404590541076804e-01 2.096239141418302365e-01 4.335454531414915103e-01 3.137056544072551190e-01 4.139283001409695406e-01 4.218351326548741009e-01 1.600403903689466556e-01 4.787535620436756401e-01 1.879158283654382977e-01 4.681378122919434004e-01 3.670161779642262534e-01 2.045275663239422836e-01 3.795984318660108325e-01 1.501839125213945969e-01 1.771598413770957836e-01 2.548419843713218280e-01
2.315441599277737739e-01 1.790040937033737789e-02 2.727302867079752779e-01 1.615100959634750699e-01 1.188697555309163600e-01 2.106782606243258471e-01 3.849550514607492091e-01 2.519380723492738450e-01 4.162284195308592061e-01 4.682623234843400484e-01 3.179344625774965238e-01 1.559640852016316859e-01 3.420674280864003935e-01 1.187208535330326886e-01 2.838908905956490369e-01 2.104923843489578950e-01 2.494820456732023128e-01 3.938897761265511277e-01 1.423365988546769212e-01 1.283145391099466993e-02
3.368669425760989489e-01 4.733956989476684751e-01 8.677777883768723888e-02 3.289543511317786773e-01 1.123241139200056166e-01 3.818612931394069765e-01 3.181481860287073138e-01 3.496045800331246678e-01 4.986477903200058764e-02 1.222220001814307705e-01 3.200249989577386711e-01 4.762116038893704495e-02 1.416917384825302495e-01 3.915145595278503032e-01 2.446802844056989168e-01 5.512209407310270787e-02 8.383354556643451971e-02 1.779802314155372045e-01 4.269765771555439904e-01 4.333715501418293203e-01
7.099799754278077191e-02 1.082750443350377484e-01 1.269627180077369522e-01 1.891601609802605888e-01 4.599222313623362868e-01 9.958870675012435059e-02 5.811650000855350662e-02 1.277351519203743790e-01 4.101432929807711791e-01 2.423178636798599128e-01 4.891403940197333045e-01 2.819084239088764376e-01 2.411480720654046173e-01 9.698913562720976045e-02 3.760400878800890800e-01 3.311321269999734085e-01 3.872834008563270122e-04 4.332500048124291459e-01 3.731754887706618673e-01 1.527007180608242753e-01
4.214975620031338188e-01 3.774695394543476357e-01 1.852360009696189802e-01 1.995585652638047769e-01 4.241977873139903266e-01 3.542994686136312077e-01 1.683049642370742713e-02 4.138831834911062962e-02 2.343904625878260872e-01 1.324033594031553962e-01 1.195213544129091476e-01 3.303074558265119420e-01 3.213600170046371773e-01 3.476481934660137774e-01 2.423927934140048326e-02 5.027778595237590853e-01 3.886789430853007654e-02 2.558515259858680224e-01 4.310775485225307180e-01 2.101449534757382498e-01
4.514263949058064385e-01 2.334591069844084987e-01 2.993571883371511366e-01 3.276876849112884682e-01 2.702142424469830551e-02 2.548874151109106201e-01 2.026784141849603538e-01 5.651065532115946005e-02 1.800122983640317087e-01 1.613925680773590499e-01 3.071428680884020213e-01 1.999453920978386257e-01 4.402661950777763122e-01 3.050507201039096561e-01 9.398049322597004651e-02 3.493110485863212267e-01 3.010506277772381223e-01 2.338799142613390974e-02 3.510501826954235960e-01 2.915604469348962446e-01
3.166094313085339729e-01 2.696736970583519036e-02 1.493402006930989734e-01 1.751781299279390192e-01 4.593486996925725818e-01 3.939764686569290353e-01 1.178118798657131205e-01 4.895795464115228895e-02 1.411173871110176226e-01 1.071266238031792356e-01 4.974959904719082338e-01 3.481613788101418638e-01 3.857394633060314271e-01 1.087288216139769420e-01 2.159913069498583249e-01 2.287951421005474106e-01 4.507905779956609682e-01 1.794658675757422953e-02 3.586004723549451878e-02 1.598262153588985435e-01
1.036259750960958764e-01 7.762051749176421267e-02 1.336954246635483901e-01 8.521383726170099482e-02 1.317569823162757954e-02 2.605517199044125598e-01 1.852394340415654539e-01 1.814874834518666324e-01 2.320709834718645281e-01 4.136912500214113830e-01 3.169276001812284527e-01 3.591403980507617000e-01 1.861542087938807266e-01 3.081579991467799373e-01 1.565011819516373692e-01 4.571217926680260502e-01 1.401893624534382155e-01 4.797188654959513854e-02 2.431761372596287218e-01 2.671440005864068046e-01
3.563153627279691538e-02 2.058407614495731952e-01 2.856458277672226376e-01 2.994328347761651132e-01 4.384468769424334500e-01 1.519848403516148028e-01 1.935173288466056074e-01 2.735971498432793192e-01 1.886898793533748064e-01 1.205728102737712269e-02 1.712941631167143042e-01 2.098815857648331576e-02 4.141004809003331344e-01 1.928313741902677181e-01 2.991310400509586409e-01 4.180820559549308091e-01 4.302993251278718068e-02 4.622846062081065188e-01 7.354942717596492374e-02 1.063516475533661937e-01
1.332066763617131833e-01 2.945476110042328788e-01 2.040195967707236768e-02 1.701462932369490200e-01 4.281769168624918742e-01 4.130441295932636425e-01 1.471049433633116466e-01 2.673518627630632194e-01 4.519384852113316753e-01 1.450356003574518049e-01 8.021946278643893313e-02 5.002319764750922104e-01 3.375524142446185288e-02 4.863799895378466687e-01 2.885350084053695530e-01 2.572631595926843165e-02 1.851937939585779624e-01 1.641711072043562092e-01 4.194720411809942373e-01 1.072278983739651803e-01
